                      ************************************
                      ****      Auto-Sensor Test      ****
                      ****  Tue Nov 20 08:20:08 2018  ****
                      ************************************
 
 
 
PROGRAM           AEwin
THIS FILE         C:\Documents and Settings\Lactec\Desktop\TCC Sirino\TesteAST_Samos.AST
 
 
PULSES OUTPUT     5
PULSE WIDTH       20 usec
PULSE INTERVAL    400 msec
 
PULSER
 1
REC  #REC   DeltaT  AMP ENERGY  DURATION  COUNTS
  1     5        0   99   6472     45830    3655
  2     5      162   79   1925     36329    2578
  3     5      173   83   2576     42618    3090
  4     5      261   73   2350     39061    2958
  5     5      348   78   2441     37251    3016
  6     5      265   76   2574     38828    3019
  7     5      316   82   1256     31147    2203
  8     5      229   72   1090     29389    2075
  9     5      403   73   2290     37496    2893
 10     5      461   73   1864     37059    2636
 
PULSER
 2
REC  #REC   DeltaT  AMP ENERGY  DURATION  COUNTS
  1     5      160   85   3738     41763    3266
  2     5        0   99   3589     38896    2924
  3     5      166   79   2450     42075    2954
  4     5      262   78   2339     38752    2870
  5     5      267   75   2350     37406    2869
  6     5      343   75   2427     38703    2969
  7     5      241   72   1206     32561    2116
  8     5      275   72   1048     30475    1972
  9     5      430   73   2206     38551    2808
 10     5      409   70   1810     38001    2510
 
PULSER
 3
REC  #REC   DeltaT  AMP ENERGY  DURATION  COUNTS
  1     5      172   87   3654     40397    3275
  2     5      166   78   1823     33534    2590
  3     5        0   99   5338     44525    3432
  4     5      347   72   2266     35121    2938
  5     5      266   78   2423     37100    2987
  6     5      264   77   2639     38928    3017
  7     5      243   67   1167     31371    2210
  8     5      277   74   1043     29591    2057
  9     5      433   74   2254     37011    2887
 10     5      408   77   1781     35170    2579
 
PULSER
 4
REC  #REC   DeltaT  AMP ENERGY  DURATION  COUNTS
  1     5      261   77   3073     41303    3182
  2     5      266   74   1570     33629    2450
  3     5      348   71   2082     42517    2938
  4     5        0   99   5480     42610    3295
  5     5      168   88   3367     38198    2921
  6     5      168   85   3601     39772    2969
  7     5      494   68   1126     31379    2119
  8     5      562   66    928     29174    1921
  9     5      181   75   2379     38783    2802
 10     5      224   72   1841     36244    2512
 
PULSER
 5
REC  #REC   DeltaT  AMP ENERGY  DURATION  COUNTS
  1     5      348   81   3248     41697    3297
  2     5      267   72   1573     34694    2541
  3     5      266   77   2198     42376    3028
  4     5      168   88   3384     38199    2983
  5     5        0   99   6263     42204    3422
  6     5      163   85   3521     38520    3048
  7     5      474   68   1042     28985    2187
  8     5      524   66    939     27697    2051
  9     5      252   78   2457     36957    2854
 10     5      158   77   1850     35264    2614
 
PULSER
 6
REC  #REC   DeltaT  AMP ENERGY  DURATION  COUNTS
  1     5      265   78   3069     40214    3199
  2     5      346   72   1503     35271    2499
  3     5      264   75   2197     42260    2981
  4     5      168   85   3272     38303    2929
  5     5      163   84   3179     37902    2944
  6     5        0   99   5497     42887    3383
  7     5      497   68   1059     30640    2158
  8     5      489   66    944     29165    2017
  9     5      181   77   2314     38852    2810
 10     5      218   80   1892     36475    2550
 
PULSER
 7
REC  #REC   DeltaT  AMP ENERGY  DURATION  COUNTS
  1     5      315   88   2010     32888    2782
  2     5      244   72   1011     28336    2059
  3     5      240   67   1343     37486    2467
  4     5      493   73   1418     32672    2484
  5     5      470   70   1327     30198    2401
  6     5      496   74   1456     33516    2556
  7     5        0   99   2671     31559    2056
  8     5      122   75    724     26774    1580
  9     5      663   72   1280     30745    2242
 10     5      617   69   1070     30584    2021
 
PULSER
 8
REC  #REC   DeltaT  AMP ENERGY  DURATION  COUNTS
  1     5      229   78   1892     35160    2623
  2     5      275   72    946     29015    1912
  3     5      273   75   1331     37543    2346
  4     5      477   69   1259     31910    2289
  5     5      521   68   1292     32740    2308
  6     5      475   69   1378     32466    2377
  7     5      122   76    827     29314    1681
  8     5        0   99   1850     29647    1873
  9     5      622   69   1227     30796    2181
 10     5      657   69   1059     32334    1963
 
PULSER
 9
REC  #REC   DeltaT  AMP ENERGY  DURATION  COUNTS
  1     5      404   74   3245     41417    3244
  2     5      434   72   1670     34391    2579
  3     5      434   74   2280     43141    3016
  4     5      181   76   2678     39611    2998
  5     5      253   79   2749     37655    2983
  6     5      182   78   2794     38858    3031
  7     5      664   70   1235     30636    2204
  8     5      626   69   1040     30015    2039
  9     5        0   99   5693     45126    3220
 10     5      108   80   2269     37797    2604
 
PULSER
 10
REC  #REC   DeltaT  AMP ENERGY  DURATION  COUNTS
  1     5      461   76   2535     39004    3017
  2     5      410   67   1327     32172    2353
  3     5      409   76   1770     40226    2753
  4     5      224   74   2026     35808    2746
  5     5      159   80   2048     35690    2755
  6     5      219   81   2210     37016    2817
  7     5      621   68    969     29948    1970
  8     5      659   67    835     27863    1850
  9     5      108   80   2123     36263    2607
 10     5        0   99   4132     40633    2668
