128        0.0000000		Acquisition Running
 ID     SSSSSSSS.mmmuuun  CH AMP
  1       25.1782805   8  76
  1       25.1784090   1  78
  1       25.1784675   3  81
  1       25.1785230   7  76
  1       25.1786120   2  76
  1       25.1786585   6  77
  1       25.1787140   5  76
  1       25.1788065   9  77
  1       25.1789160   4  76
  1       25.1790390  10  73
  1       25.1918860   5  62
* Gp# 1[8,1,3,6,5,9] x =   0.3317, y =   -11.35 dT[   129,   187,   378,   434,   526] Src Amplitude = 76.0
*         25.1782805   8  76
*         25.1784090   1  78
*         25.1784675   3  81
*         25.1786585   6  77
*         25.1787140   5  76
*         25.1788065   9  77
  1       25.1933280   1  63
  1       32.0404560   8  75
  1       32.0405845   1  77
  1       32.0406603   7  73
  1       32.0407840   3  79
  1       32.0407875   2  74
  1       32.0409857   9  75
  1       32.0409875   6  75
  1       32.0410170   5  76
  1       32.0411405   4  74
  1       32.0413810  10  71
  1       32.0505450   4  62
  1       32.0506560   9  62
  1       32.0540610   5  62
  1       37.1579005   8  72
  1       37.1580315   1  78
  1       37.1581240   7  72
  1       37.1582310   3  78
  1       37.1582330   2  73
  1       37.1584620   5  76
  1       37.1585565   6  73
  1       37.1585730   4  74
  1       37.1585800   9  75
  1       37.1586632  10  74
  1       37.1644035   2  64
  1       37.1728695   1  62
  1       43.8209495   8  73
  1       43.8210790   1  77
  1       43.8211955   7  74
  1       43.8212790   3  79
  1       43.8212812   2  74
  1       43.8215105   5  76
  1       43.8216052   6  75
  1       43.8216275   9  76
  1       43.8216290   4  75
  1       43.8217085  10  71
  1       43.8312695   5  62
  1       43.8359975   1  62
  1       62.0510090   8  79
  1       62.0511163   7  79
  1       62.0511400   1  82
  1       62.0512012   3  85
  1       62.0513410   2  76
  1       62.0513895   6  81
  1       62.0514355   4  76
  1       62.0515372   9  79
  1       62.0515460   5  79
  1       62.0516590  10  77
  1       62.0666720   6  65
* Gp# 1[8,7,1,3,6,9,10] x =     2491, y =   -21.62 dT[   107,   131,   192,   381,   528,   650] Src Amplitude = 79.0
*         62.0510090   8  79
*         62.0511163   7  79
*         62.0511400   1  82
*         62.0512012   3  85
*         62.0513895   6  81
*         62.0515372   9  79
*         62.0516590  10  77
  1       62.0671745   5  63
  1       62.0690605   6  62
  1       72.2186602   8  74
  1       72.2187890   1  76
  1       72.2189060   7  74
  1       72.2189895   3  78
  1       72.2189913   2  73
  1       72.2192212   5  74
  1       72.2193412   9  74
  1       72.2193730   6  74
  1       72.2195305   4  72
  1       72.2195998  10  70
  1       72.2253345  10  62
  1       81.8403185   8  71
  1       81.8404265   7  75
  1       81.8404510   1  78
  1       81.8405152   3  81
  1       81.8406530   2  75
  1       81.8407590   6  76
  1       81.8408822   5  77
  1       81.8409573   4  76
  1       81.8409997   9  77
  1       81.8411977  10  72
  1       81.8484065   2  63
* Gp# 1[8,7,1,3] x =     2476, y =    17.05 dT[   108,   133,   197] Src Amplitude = 71.0
*         81.8403185   8  71
*         81.8404265   7  75
*         81.8404510   1  78
*         81.8405152   3  81
  1       81.8553650   1  63
  1       81.9907392   1  65
130       89.4083125		Acquisition Paused
128       90.5256182		Acquisition Running
  1       93.9655722   1  73
  1       93.9658425   3  67
  1       93.9659490   2  67
  1       93.9663513   5  67
  1       93.9664410   4  68
  1       93.9664432   6  68
  1       93.9665208   9  69
  1       93.9671375  10  64
  1       93.9694822  10  63
  1       93.9736815   4  63
  1       93.9761400   6  62
  1       93.9790660   1  62
  1       97.3342320   8  82
  1       97.3343130   7  76
  1       97.3343515   1  79
  1       97.3345032   2  77
  1       97.3345420   3  76
  1       97.3347840   5  75
  1       97.3348060   4  76
  1       97.3348522   6  73
  1       97.3349913   9  74
  1       97.3350125  10  71
  1       97.3449902   9  64
  1      103.2763095   8  83
  1      103.2763925   7  79
  1      103.2764135   1  80
  1      103.2765660   2  78
  1      103.2766625   3  75
  1      103.2767450   5  76
  1      103.2768703   4  76
  1      103.2770340   6  73
  1      103.2770740  10  71
  1      103.2770775   9  74
  1      103.2820242   7  63
  1      103.2870550   9  62
* Gp# 1[8,7,1,2,5] x =     2389, y =   -21.12 dT[    83,   104,   257,   436] Src Amplitude = 83.0
*        103.2763095   8  83
*        103.2763925   7  79
*        103.2764135   1  80
*        103.2765660   2  78
*        103.2767450   5  76
  1      103.2908205   1  63
  1      109.5521640   8  82
  1      109.5522515   1  79
  1      109.5522963   7  76
  1      109.5524033   2  76
  1      109.5524995   3  75
  1      109.5526835   5  74
  1      109.5527055   4  76
  1      109.5528722   6  72
  1      109.5529117  10  71
  1      109.5529125   9  73
  1      109.5568385   8  63
  1      109.5628905   9  62
  1      109.5634750   5  63
  1      109.5657285   6  62
  1      115.7705530   8  82
  1      115.7706465   7  77
  1      115.7706720   1  80
  1      115.7708240   2  75
  1      115.7708625   3  74
  1      115.7711042   5  74
  1      115.7711600   4  74
  1      115.7713215   9  73
  1      115.7713742   6  73
  1      115.7714032  10  70
  1      115.7770645   2  64
  1      115.7811517   9  64
  1      115.7853300   1  63
  1      147.6243220   8  81
  1      147.6244030   7  79
  1      147.6244400   1  81
  1      147.6245923   2  79
  1      147.6246310   3  76
  1      147.6247682   5  76
  1      147.6248945   4  77
  1      147.6249423   6  75
  1      147.6250203   9  75
  1      147.6250607  10  74
  1      147.6290293   8  65
  1      147.6368242   4  62
  1      147.6385690   5  63
  1      147.6411052   1  62
  1      155.1531205   8  80
  1      155.1532013   7  76
  1      155.1532423   1  80
  1      155.1533905   2  79
  1      155.1534263   3  77
  1      155.1536730   5  77
  1      155.1536910   4  77
  1      155.1537405   6  74
  1      155.1538833   9  75
  1      155.1538988  10  72
  1      155.1665705   5  63
  1      155.1692695   5  62
  1      155.1698992   1  63
  1      162.6109835   8  78
  1      162.6110682   7  76
  1      162.6111065   1  76
  1      162.6112530   2  78
  1      162.6113502   3  77
  1      162.6115355   5  76
  1      162.6115552   4  77
  1      162.6117457   9  75
  1      162.6117637  10  69
  1      162.6117935   6  72
  1      162.6156913   8  62
  1      162.6217420   9  62
  1      162.6227530   6  62
  1      162.6247740   1  62
130      177.8101235		Acquisition Paused
128      178.3024772		Acquisition Running
  1      184.0096455   8  79
  1      184.0096952   2  76
  1      184.0096960   7  78
  1      184.0096992   1  88
  1      184.0099530   3  80
  1      184.0099542   5  75
  1      184.0101525   6  75
  1      184.0101743   4  74
  1      184.0103345   9  73
  1      184.0104445  10  73
  1      190.9458925   8  76
* Gp# 1[8,2,7,1,5] x =    401.4, y =    168.3 dT[    50,    51,    54,   309] Src Amplitude = 79.0
*        184.0096455   8  79
*        184.0096952   2  76
*        184.0096960   7  78
*        184.0096992   1  88
*        184.0099542   5  75
  1      190.9459413   7  75
  1      190.9459443   1  86
  1      190.9460480   2  76
  1      190.9461972   3  75
  1      190.9463860   4  72
  1      190.9464202   6  73
  1      190.9464672   5  73
  1      190.9465790   9  73
  1      190.9466855  10  71
  1      190.9511835   7  62
  1      190.9586660   1  62
* Gp# 1[8,7,1,2] x =      237, y =    133.5 dT[    49,    52,   156] Src Amplitude = 76.0
*        190.9458925   8  76
*        190.9459413   7  75
*        190.9459443   1  86
*        190.9460480   2  76
  1      210.5164550   7  78
  1      210.5164742   8  81
  1      210.5165202   2  79
  1      210.5165245   1  91
  1      210.5166995   3  82
  1      210.5167505   4  78
  1      210.5167755   5  78
  1      210.5169395   6  78
  1      210.5170822  10  76
  1      210.5170893   9  78
  1      210.5300808  10  63
* Gp# 1[7,8,2,1,4,5,9] x =      634, y =   -47.98 dT[    19,    65,    70,   296,   321,   634] Src Amplitude = 78.0
*        210.5164550   7  78
*        210.5164742   8  81
*        210.5165202   2  79
*        210.5165245   1  91
*        210.5167505   4  78
*        210.5167755   5  78
*        210.5170893   9  78
  1      210.5331055   4  62
  1      218.9700602   7  79
  1      218.9700783   8  78
  1      218.9701290   1  86
  1      218.9702322   2  77
  1      218.9703043   3  80
  1      218.9703862   5  75
  1      218.9706025   4  74
  1      218.9706600   6  76
  1      218.9707635   9  73
  1      218.9708663  10  72
  1      218.9834452   1  66
* Gp# 1[7,8,1,2,5] x =    546.1, y =      -64 dT[    18,    69,   172,   326] Src Amplitude = 79.0
*        218.9700602   7  79
*        218.9700783   8  78
*        218.9701290   1  86
*        218.9702322   2  77
*        218.9703862   5  75
  1      219.0632115   8  76
  1      219.0632585   7  77
  1      219.0632615   1  85
  1      219.0633655   2  75
  1      219.0635152   3  77
  1      219.0636923   5  73
  1      219.0637380   6  73
  1      219.0637383   4  73
  1      219.0638965   9  72
  1      219.0640067  10  71
  1      219.0657635   8  63
  1      219.0698545   2  62
* Gp# 1[8,7,1,2] x =      259, y =    130.7 dT[    47,    50,   154] Src Amplitude = 76.0
*        219.0632115   8  76
*        219.0632585   7  77
*        219.0632615   1  85
*        219.0633655   2  75
  1      219.0743122   5  62
  1      219.0768055   1  63
  1      227.7696160   8  76
  1      227.7696630   7  76
  1      227.7696692   1  85
  1      227.7697700   2  75
  1      227.7699195   3  76
  1      227.7701410   4  72
  1      227.7701895   5  73
  1      227.7701975   6  73
  1      227.7703387   9  71
  1      227.7704150  10  71
  1      227.7764210   2  62
* Gp# 1[8,7,1,2] x =      278, y =    119.7 dT[    47,    53,   154] Src Amplitude = 76.0
*        227.7696160   8  76
*        227.7696630   7  76
*        227.7696692   1  85
*        227.7697700   2  75
  1      227.7791525   6  64
  1      227.7832730   1  64
  1      229.7479682   7  65
  1      229.7490712   1  65
  1      229.7491080   8  63
  1      229.7492510  10  66
  1      229.7501685   5  62
  1      229.7505560   6  62
  1      229.7516350   9  64
  1      229.7516735   8  63
  1      229.7530095   4  63
  1      229.7535903   9  63
  1      229.7548420   8  62
130      321.8744780		Acquisition Paused
128      322.5133092		Acquisition Running
  1      355.4811295   7  80
  1      355.4811655   8  80
  1      355.4812113   2  83
  1      355.4812510   1  90
  1      355.4813895   3  78
  1      355.4814570   4  79
  1      355.4814645   5  79
  1      355.4817102   9  79
  1      355.4817222  10  76
  1      355.4817562   6  78
  1      355.4890680   8  62
* Gp# 1[7,8,2,1,4,5,9,10] x =    684.7, y =   -66.96 dT[    36,    82,   122,   328,   335,   581,   593] Src Amplitude = 80.0
*        355.4811295   7  80
*        355.4811655   8  80
*        355.4812113   2  83
*        355.4812510   1  90
*        355.4814570   4  79
*        355.4814645   5  79
*        355.4817102   9  79
*        355.4817222  10  76
  1      355.4959755   5  62
  1      355.4966955   6  65
  1      355.4971048  10  62
  1      365.4029983   7  73
  1      365.4030962   8  75
  1      365.4031252   1  85
  1      365.4031830   2  78
  1      365.4032875   3  73
  1      365.4035700   5  75
  1      365.4035770   4  75
  1      365.4036552   6  73
  1      365.4037413   9  73
  1      365.4038298  10  71
  1      365.4070705   8  62
  1      365.4134697  10  63
* Gp# 1[7,8,1,2] x =    839.5, y =   -34.29 dT[    98,   127,   185] Src Amplitude = 73.0
*        365.4029983   7  73
*        365.4030962   8  75
*        365.4031252   1  85
*        365.4031830   2  78
  1      373.0928250   7  74
  1      373.0929152   8  76
  1      373.0929430   1  85
  1      373.0930020   2  79
  1      373.0931030   3  74
  1      373.0933690   5  75
  1      373.0933960   4  75
  1      373.0934740   6  75
  1      373.0935600   9  74
  1      373.0936485  10  71
  1      373.1032880  10  62
* Gp# 1[7,8,1,2] x =    809.1, y =   -30.16 dT[    90,   118,   177] Src Amplitude = 74.0
*        373.0928250   7  74
*        373.0929152   8  76
*        373.0929430   1  85
*        373.0930020   2  79
  1      385.4529773   7  77
  1      385.4530735   8  77
  1      385.4531035   1  86
  1      385.4531620   2  79
  1      385.4532660   3  75
  1      385.4535230   4  76
  1      385.4535485   5  76
  1      385.4536340   6  76
  1      385.4537203   9  76
  1      385.4537967  10  74
  1      393.7353855   7  73
* Gp# 1[7,8,1,2] x =    832.7, y =    -35.5 dT[    96,   126,   185] Src Amplitude = 77.0
*        385.4529773   7  77
*        385.4530735   8  77
*        385.4531035   1  86
*        385.4531620   2  79
  1      393.7354320   8  75
  1      393.7354602   1  83
  1      393.7355202   2  76
  1      393.7356260   3  72
  1      393.7359125   4  71
  1      393.7359420   5  72
  1      393.7359930   6  72
  1      393.7360300  10  70
  1      393.7361595   9  71
  1      393.7375292   7  63
  1      393.7379575   8  62
  1      393.7436810   4  62
* Gp# 1[7,8,1,2] x =    670.1, y =   -5.092 dT[    47,    75,   135] Src Amplitude = 73.0
*        393.7353855   7  73
*        393.7354320   8  75
*        393.7354602   1  83
*        393.7355202   2  76
130      409.4911767		Acquisition Paused
128      410.0509122		Acquisition Running
  1      414.1848020   7  69
  1      414.1848485   2  72
  1      414.1848712   1  83
  1      414.1849100   3  81
  1      414.1849182   8  69
  1      414.1852640   5  77
  1      414.1852665   4  74
  1      414.1853305   6  78
  1      414.1856175   9  76
  1      414.1856977  10  76
  1      414.1955195   2  63
* Gp# 1[7,2,1,3] x =    673.9, y =    174.7 dT[    47,    69,   108] Src Amplitude = 69.0
*        414.1848020   7  69
*        414.1848485   2  72
*        414.1848712   1  83
*        414.1849100   3  81
  1      414.1961522   3  66
  1      414.1967722  10  65
  1      414.1992972   4  62
  1      414.2024445   1  63
  1      419.8124545   7  68
  1      419.8125035   2  70
  1      419.8125192   1  80
  1      419.8125630   3  78
  1      419.8125705   8  66
  1      419.8129190   4  70
  1      419.8129195   5  73
  1      419.8129840   6  75
  1      419.8132947   9  71
  1      419.8133547  10  73
  1      419.8148265   8  64
  1      419.8195952   3  66
* Gp# 1[7,2,1,3] x =    651.5, y =    166.5 dT[    49,    65,   109] Src Amplitude = 68.0
*        419.8124545   7  68
*        419.8125035   2  70
*        419.8125192   1  80
*        419.8125630   3  78
  1      419.8225280  10  62
  1      425.4308752   7  68
  1      425.4309220   2  70
  1      425.4309470   1  81
  1      425.4309835   3  78
  1      425.4309892   8  67
  1      425.4313400   4  71
  1      425.4313403   5  75
  1      425.4314042   6  75
  1      425.4316457  10  72
  1      425.4316532   9  73
  1      425.4332022   8  64
  1      425.4420378   9  62
* Gp# 1[7,2,1,3] x =      683, y =    175.3 dT[    47,    72,   108] Src Amplitude = 68.0
*        425.4308752   7  68
*        425.4309220   2  70
*        425.4309470   1  81
*        425.4309835   3  78
  1      425.4424190   4  62
130      435.2970967		Acquisition Paused
128      436.0599527		Acquisition Running
  1      449.9988242   7  77
  1      449.9990772   3  80
  1      449.9990805   2  76
  1      449.9991455   1  76
  1      449.9991773   8  74
  1      449.9994552   5  71
  1      449.9994905   4  70
  1      449.9994943   6  73
  1      449.9997045  10  72
  1      449.9997640   9  70
  1      450.0033615   3  63
  1      450.0065090   9  62
  1      450.0086672   5  63
  1      456.6620945   7  78
  1      456.6623500   3  83
  1      456.6623520   2  80
  1      456.6624005   8  75
  1      456.6624142   1  79
  1      456.6627182   4  73
  1      456.6627245   5  75
  1      456.6627650   6  76
  1      456.6629290   9  74
  1      456.6629732  10  74
  1      456.6693853   2  63
  1      456.6741350   9  62
  1      456.6759502   5  62
  1      465.1906885   7  77
  1      465.1909210   3  78
  1      465.1909225   2  74
  1      465.1910122   8  73
  1      465.1910802   1  75
  1      465.1912970   5  69
  1      465.1913350   4  69
  1      465.1913422   6  72
  1      465.1915812  10  71
  1      465.1916175   9  71
  1      465.1997307   9  62
  1      465.2004103   6  62
  1      474.5953680   7  76
  1      474.5956212   3  79
  1      474.5956245   2  75
  1      474.5956930   1  75
  1      474.5957242   8  72
  1      474.5959972   5  71
  1      474.5960345   4  68
  1      474.5960380   6  70
  1      474.5962542  10  71
  1      474.5963080   9  71
  1      474.6022882   4  62
  1      474.6026390   9  62
  1      474.6054202   5  63
  1      482.0937995   7  77
  1      482.0940530   3  81
  1      482.0940545   2  77
  1      482.0941205   1  76
  1      482.0941525   8  74
  1      482.0944290   5  72
  1      482.0944640   4  70
  1      482.0944675   6  73
  1      482.0946823  10  72
  1      482.0947392   9  71
  1      482.0981715   7  62
  1      482.1021540   4  62
  1      482.1036480   5  62
130      494.6997330		Acquisition Paused
128      498.3570467		Acquisition Running
  1      503.8462810   7  83
  1      503.8464350   8  79
  1      503.8464812   3  76
  1      503.8465335   1  81
  1      503.8465530   2  69
  1      503.8468830   5  73
  1      503.8468942   6  74
  1      503.8469920   4  74
  1      503.8471192   9  73
  1      503.8473572  10  71
  1      503.8534502   3  63
  1      503.8580113   6  62
  1      503.8617745   1  62
  1      510.2869525   7  84
  1      510.2871090   8  78
  1      510.2871555   3  76
  1      510.2872043   1  81
  1      510.2872455   2  70
  1      510.2875572   5  73
  1      510.2875685   6  73
  1      510.2876732   4  74
  1      510.2878412   9  73
  1      510.2880207  10  71
  1      510.2941242   3  63
  1      510.2977690   4  62
  1      510.2986852   6  62
  1      510.3156885   1  63
  1      516.0718182   7  82
  1      516.0719522   8  77
  1      516.0719985   3  73
  1      516.0720885   2  68
  1      516.0720925   1  80
  1      516.0724005   5  70
  1      516.0724115   6  71
  1      516.0725165   4  72
  1      516.0726895   9  71
  1      516.0728880  10  69
  1      516.0809192   9  62
  1      516.0835045   1  63
  1      516.2866690   1  65
  1      522.9041255   7  82
  1      522.9042615   8  76
  1      522.9043065   3  73
  1      522.9044000   2  68
  1      522.9044162   1  80
  1      522.9047083   5  70
  1      522.9047212   6  70
  1      522.9048242   4  72
  1      522.9049972   9  73
  1      522.9051990  10  69
  1      522.9158120   1  65
130      531.6050140		Acquisition Paused
128      532.2691742		Acquisition Running
  1      543.8822040   7  76
  1      543.8823130   8  78
  1      543.8823470   1  82
  1      543.8823850   3  80
  1      543.8825020   2  76
  1      543.8828145   5  73
  1      543.8828375   6  73
  1      543.8828730   4  73
  1      543.8830202  10  73
  1      543.8830357   9  72
  1      543.8848495   7  64
  1      543.8901495   3  63
* Gp# 1[7,8,1,3] x =     1605, y =   -27.11 dT[   109,   143,   181] Src Amplitude = 76.0
*        543.8822040   7  76
*        543.8823130   8  78
*        543.8823470   1  82
*        543.8823850   3  80
  1      543.8939870   5  63
  1      552.7814320   7  76
  1      552.7815412   8  78
  1      552.7816130   3  81
  1      552.7817065   1  83
  1      552.7817280   2  76
  1      552.7819845   6  73
  1      552.7820045   5  77
  1      552.7820990   4  76
  1      552.7822035  10  74
  1      552.7822303   9  72
  1      552.7857335   8  62
  1      552.7892202   3  63
* Gp# 1[7,8,3,1] x =     1330, y =   -41.35 dT[   109,   181,   275] Src Amplitude = 76.0
*        552.7814320   7  76
*        552.7815412   8  78
*        552.7816130   3  81
*        552.7817065   1  83
  1      552.7930410  10  62
  1      552.7938810   5  62
  1      552.8079052   7  62
  1      552.8079875   3  64
  1      552.8080930   1  68
  1      559.5856703   7  82
  1      559.5857173   8  77
  1      559.5857650   3  83
  1      559.5858165   1  85
  1      559.5858375   2  80
  1      559.5860145   6  78
  1      559.5861570   5  77
  1      559.5861845   4  78
  1      559.5863875   9  77
  1      559.5864292  10  81
  1      559.6013020   4  65
* Gp# 1[7,8,3,1,2,6] x =     1700, y =   -14.67 dT[    47,    95,   146,   167,   344] Src Amplitude = 82.0
*        559.5856703   7  82
*        559.5857173   8  77
*        559.5857650   3  83
*        559.5858165   1  85
*        559.5858375   2  80
*        559.5860145   6  78
  1      569.2633265   7  77
  1      569.2634340   8  78
  1      569.2634700   1  83
  1      569.2635080   3  81
  1      569.2636250   2  77
  1      569.2638993   5  75
  1      569.2639385   6  73
  1      569.2639940   4  75
  1      569.2641140  10  73
  1      569.2641207   9  73
  1      569.2659725   7  63
  1      569.2702125   3  62
* Gp# 1[7,8,1,3] x =     1608, y =    -28.7 dT[   108,   144,   182] Src Amplitude = 77.0
*        569.2633265   7  77
*        569.2634340   8  78
*        569.2634700   1  83
*        569.2635080   3  81
  1      569.2751103   5  62
  1      569.2772340   1  62
130      576.7443140		Acquisition Paused
128      577.1976070		Acquisition Running
  1      585.0250240   7  75
  1      585.0250532   8  73
  1      585.0251905   3  82
  1      585.0252325   1  74
  1      585.0253555   2  75
  1      585.0255620   5  76
  1      585.0255902   6  78
  1      585.0257242   4  71
  1      585.0257460   9  75
  1      585.0258375  10  69
  1      585.0278362   7  62
  1      590.7029622   8  73
* Gp# 1[7,8,3,1] x =     1736, y =   -102.8 dT[    29,   167,   209] Src Amplitude = 75.0
*        585.0250240   7  75
*        585.0250532   8  73
*        585.0251905   3  82
*        585.0252325   1  74
  1      590.7030035   7  75
  1      590.7031015   3  80
  1      590.7031420   1  73
  1      590.7032672   2  74
  1      590.7035020   6  77
  1      590.7035220   5  74
  1      590.7036332   4  71
  1      590.7037490  10  68
  1      590.7037550   9  74
  1      590.7141035   1  62
* Gp# 1[8,7,3,1] x =     2002, y =   -66.98 dT[    41,   139,   180] Src Amplitude = 73.0
*        590.7029622   8  73
*        590.7030035   7  75
*        590.7031015   3  80
*        590.7031420   1  73
  1      597.4771695   7  75
  1      597.4772043   8  73
  1      597.4773393   3  83
  1      597.4773783   1  76
  1      597.4774195   2  75
  1      597.4776622   4  71
  1      597.4776720   5  77
  1      597.4777345   6  79
  1      597.4778450  10  69
  1      597.4778948   9  76
  1      603.4183612   8  74
* Gp# 1[7,8,3,1] x =     1719, y =     -101 dT[    35,   170,   209] Src Amplitude = 75.0
*        597.4771695   7  75
*        597.4772043   8  73
*        597.4773393   3  83
*        597.4773783   1  76
  1      603.4184022   7  77
  1      603.4185005   3  81
  1      603.4185375   1  75
  1      603.4186635   2  74
  1      603.4188695   5  75
  1      603.4188940   6  77
  1      603.4190320   4  73
  1      603.4190545   9  75
  1      603.4191460  10  68
  1      603.4284800   6  63
* Gp# 1[8,7,3,1] x =     2004, y =   -64.17 dT[    41,   139,   176] Src Amplitude = 74.0
*        603.4183612   8  74
*        603.4184022   7  77
*        603.4185005   3  81
*        603.4185375   1  75
  1      609.9168563   7  79
  1      609.9168852   8  73
  1      609.9169630   1  77
  1      609.9170222   3  83
  1      609.9171542   2  77
  1      609.9173450   4  73
  1      609.9173550   5  77
  1      609.9174172   6  78
  1      609.9175142   9  76
  1      609.9175475  10  71
  1      609.9263270  10  62
* Gp# 1[7,8,1,3,9] x =     1845, y =   -128.6 dT[    29,   107,   166,   658] Src Amplitude = 79.0
*        609.9168563   7  79
*        609.9168852   8  73
*        609.9169630   1  77
*        609.9170222   3  83
*        609.9175142   9  76
130      618.4638687		Acquisition Paused
128      619.0069832		Acquisition Running
  1      635.2113255  10  64
  1      651.8713025   8  75
  1      651.8713835   1  73
  1      651.8714265   7  75
  1      651.8715290   3  76
  1      651.8716513   2  72
  1      651.8718695   6  71
  1      651.8719495   5  69
  1      651.8720670   4  70
  1      651.8720697   9  71
  1      651.8720957  10  74
  1      651.8738322   7  62
  1      651.8764855   2  64
  1      651.8797617   9  62
  1      658.7395650   8  75
  1      658.7396162   7  74
  1      658.7396452   1  74
  1      658.7397910   3  76
  1      658.7399130   2  74
  1      658.7400942   5  69
  1      658.7401415   6  72
  1      658.7403112   9  72
  1      658.7403290   4  71
  1      658.7403547  10  75
  1      664.7228165   8  74
* Gp# 1[8,7,1,3] x =    414.5, y =    94.64 dT[    51,    80,   226] Src Amplitude = 75.0
*        658.7395650   8  75
*        658.7396162   7  74
*        658.7396452   1  74
*        658.7397910   3  76
  1      664.7228970   1  74
  1      664.7229410   7  75
  1      664.7230450   3  75
  1      664.7231645   2  74
  1      664.7233962   6  72
  1      664.7234633   5  70
  1      664.7235835   4  70
  1      664.7235870   9  73
  1      664.7236102  10  75
  1      672.1738585   8  77
  1      672.1739102   7  77
  1      672.1739370   1  76
  1      672.1739662   3  77
  1      672.1742080   2  75
  1      672.1742172   5  72
  1      672.1742275   6  73
  1      672.1745300  10  76
  1      672.1745985   4  72
  1      672.1746260   9  74
  1      672.1810590   3  62
* Gp# 1[8,7,1,3,5,6] x =     2101, y =   -16.71 dT[    52,    79,   108,   359,   369] Src Amplitude = 77.0
*        672.1738585   8  77
*        672.1739102   7  77
*        672.1739370   1  76
*        672.1739662   3  77
*        672.1742172   5  72
*        672.1742275   6  73
  1      672.1831710  10  62
  1      672.1859513   9  62
  1      672.1862470   6  62
  1      672.1874003   5  62
  1      679.0829542   8  78
  1      679.0830432   7  77
  1      679.0830695   1  80
  1      679.0830990   3  79
  1      679.0832605   2  78
  1      679.0833092   6  75
  1      679.0833500   5  75
  1      679.0834965   4  74
  1      679.0835555  10  77
  1      679.0836503   9  78
  1      679.0901385   8  62
* Gp# 1[8,7,1,3,6,5,10] x =     2269, y =   -20.41 dT[    89,   115,   145,   355,   396,   601] Src Amplitude = 78.0
*        679.0829542   8  78
*        679.0830432   7  77
*        679.0830695   1  80
*        679.0830990   3  79
*        679.0833092   6  75
*        679.0833500   5  75
*        679.0835555  10  77
  1      679.1008842   1  62
  1      685.7640050   8  75
  1      685.7640890   1  72
  1      685.7641320   7  74
  1      685.7642332   3  73
  1      685.7643372   2  71
  1      685.7645743   6  68
  1      685.7646585   5  68
  1      685.7648385   9  70
  1      685.7648410   4  68
  1      685.7649437  10  72
  1      685.7714312   1  62
  1      693.1812250   8  77
  1      693.1812740   7  77
  1      693.1813025   1  76
  1      693.1813320   3  78
  1      693.1815060   2  75
  1      693.1815833   5  71
  1      693.1815932   6  74
  1      693.1818838   9  74
  1      693.1819642   4  73
  1      693.1820182  10  77
  1      693.1841260   7  63
  1      693.1883672   3  62
* Gp# 1[8,7,1,3,5,6] x =     2093, y =   -17.63 dT[    49,    78,   107,   358,   368] Src Amplitude = 77.0
*        693.1812250   8  77
*        693.1812740   7  77
*        693.1813025   1  76
*        693.1813320   3  78
*        693.1815833   5  71
*        693.1815932   6  74
  1      693.1912080   4  62
  1      693.1933170   9  62
  1      693.1939345   1  63
  1      699.4744995   8  77
  1      699.4745512   7  75
  1      699.4745805   1  76
  1      699.4746070   3  78
  1      699.4747683   2  75
  1      699.4748583   5  71
  1      699.4748685   6  74
  1      699.4751585   9  74
  1      699.4752643   4  72
  1      699.4753610  10  75
  1      699.4841240  10  62
* Gp# 1[8,7,1,3,5,6] x =     2098, y =   -18.13 dT[    52,    81,   108,   359,   369] Src Amplitude = 77.0
*        699.4744995   8  77
*        699.4745512   7  75
*        699.4745805   1  76
*        699.4746070   3  78
*        699.4748583   5  71
*        699.4748685   6  74
  1      699.4878612   1  63
130      708.9378887		Acquisition Paused
