128        0.0000000		Acquisition Running
130       28.6361893		Acquisition Paused
128       44.4204070		Acquisition Running
 ID     SSSSSSSS.mmmuuun  CH AMP
  1       46.6096775   2  73
  1       46.6095225   8  70
  1       46.6096000   1  78
  1       46.6097353   7  69
  1       46.6097913   3  65
  1       46.6099253   5  73
  1       46.6100087   6  71
  1       46.6100438   4  71
  1       46.6100465  10  72
  1       46.6101727   9  81
  1       46.6232030   7  50
* Gp# 1[8,2,3,4,5,10] x =   0.3669, y =    148.5, q = 0.9989 dT[   232,   240,   525,   643,   829] Src Amplitude = 70.0
*         46.6095225   8  70
*         46.6096775   2  73
*         46.6097913   3  65
*         46.6100438   4  71
*         46.6099253   5  73
*         46.6100465  10  72
  1       46.6256620   2  52
  1       46.6280133   2  50
  1       46.6293042   8  50
  1       46.6293190   6  51
  1       46.6301427   4  51
  1       46.6303105   5  50
  1       46.6306267   6  52
  1       46.6313780   9  50
  1       46.6314305  10  51
  1       46.6317710   1  50
  1       46.6333408   1  51
  1       50.5794155   8  72
  1       50.5794925   1  81
  1       50.5795743   2  77
  1       50.5796317   7  72
  1       50.5796875   3  68
  1       50.5798188   5  77
  1       50.5798902   6  73
  1       50.5799398  10  76
  1       50.5799407   4  73
  1       50.5800617   9  84
  1       50.6008353   2  51
* Gp# 1[8,2,3,4,5,10] x =    11.05, y =    179.8, q = 0.9997 dT[   217,   225,   511,   608,   814] Src Amplitude = 72.0
*         50.5794155   8  72
*         50.5795743   2  77
*         50.5796875   3  68
*         50.5799407   4  73
*         50.5798188   5  77
*         50.5799398  10  76
  1       50.6014838   5  52
  1       50.6025615   8  52
  1       50.6032940   4  50
  1       50.6033160   5  53
  1       50.6040200   8  51
* Gp# 1[8,4,5] x =    325.9, y =   -173.9, q = 1 dT[   728,   761] Src Amplitude = 52.0
*         50.6025615   8  52
*         50.6032940   4  50
*         50.6033160   5  53
  1       50.6060163  10  52
  1       50.6063883   5  51
  1       50.6065272   1  52
  1       53.6914333   8  73
  1       53.6915195   1  81
  1       53.6915562   7  74
  1       53.6915890   2  79
  1       53.6917052   3  69
  1       53.6917730   6  78
  1       53.6918188   4  78
  1       53.6918285   5  80
  1       53.6919165   9  89
  1       53.6919560  10  78
* Gp# 1[8,1,2,3,4,5] x =    48.88, y =      127, q = 0.939 dT[   220,   223,   223,   524,   617] Src Amplitude = 73.0
*         53.6914333   8  73
*         53.6915195   1  81
*         53.6915890   2  79
*         53.6917052   3  69
*         53.6918188   4  78
*         53.6918285   5  80
  1       53.6997590   3  51
  1       53.7017853   3  51
  1       53.7039192   3  63
  1       53.7062527   3  56
  1       53.7173288   7  51
  1       53.7193430   7  51
  1       53.7208205   2  51
  1       53.7234125   8  54
  1       53.7237200   5  51
  1       53.7250978   6  51
  1       53.7251025   4  51
  1       53.7258912   9  51
  1       53.7267003   1  51
  1       53.7269638  10  50
  1       53.7293975   1  50
  1       54.2067565   1  59
  1       54.2072523   8  53
  1       54.2073033   2  55
  1       54.2076973   9  57
  1       54.2077340  10  57
  1       54.2077710   6  57
  1       54.2077812   4  50
  1       54.2080230   5  55
  1       54.2088543   8  54
  1       54.2090830   4  56
  1       54.2124015   5  53
  1       54.2127328   8  51
  1       54.2138040   4  50
  1       54.2140163   6  50
  1       54.2148075   5  52
  1       54.2148385   8  50
  1       54.2154028   4  51
  1       54.2155825   6  52
  1       54.2157395  10  51
  1       54.2158760   2  50
  1       54.2164113   9  53
  1       54.2182192   1  51
  1       54.2190330   9  51
  1       58.3694317   8  73
  1       58.3695053   1  82
  1       58.3695873   2  76
  1       58.3696422   7  73
  1       58.3697010   3  68
  1       58.3698188   5  75
  1       58.3699033   6  74
  1       58.3699067   9  83
  1       58.3699155   4  74
  1       58.3699530  10  75
  1       58.3913487   8  51
* Gp# 1[8,2,3,4,5,10] x =    32.34, y =    139.3, q = 0.9988 dT[   232,   254,   526,   643,   829] Src Amplitude = 73.0
*         58.3694317   8  73
*         58.3695873   2  76
*         58.3697010   3  68
*         58.3699155   4  74
*         58.3698188   5  75
*         58.3699530  10  75
  1       58.3917820   2  51
  1       58.3925938   4  52
  1       58.3932455   8  51
  1       58.3939953   5  51
  1       58.3940252   6  52
  1       58.3944077   4  50
  1       58.3959442   8  50
  1       58.3960290  10  51
  1       58.3964020   5  50
  1       58.3978730  10  51
* Gp# 1[8,10,5] x =    365.6, y =     1489, q = 0.9988 dT[    85,   458] Src Amplitude = 50.0
*         58.3959442   8  50
*         58.3960290  10  51
*         58.3964020   5  50
  1       58.3989888   1  51
  1       61.7242850   8  73
  1       61.7243622   1  82
  1       61.7244410   2  77
  1       61.7244983   7  72
  1       61.7245578   3  69
  1       61.7246730   5  76
  1       61.7247197   6  75
  1       61.7247640   9  84
  1       61.7247715   4  75
  1       61.7248097  10  77
  1       61.7330590   3  50
* Gp# 1[8,2,3,4,5,10] x =    13.57, y =    152.3, q = 0.9997 dT[   232,   241,   527,   624,   830] Src Amplitude = 73.0
*         61.7242850   8  73
*         61.7244410   2  77
*         61.7245578   3  69
*         61.7247715   4  75
*         61.7246730   5  76
*         61.7248097  10  77
  1       61.7447725   7  51
  1       61.7473565   8  52
  1       61.7475260   2  50
  1       61.7481530   4  51
  1       61.7488900   8  51
* Gp# 1[8,2,4] x =     1197, y =   -48.58, q = 0.8823 dT[    16,   647] Src Amplitude = 52.0
*         61.7473565   8  52
*         61.7475260   2  50
*         61.7481530   4  51
  1       61.7497045   4  52
  1       61.7508808  10  51
  1       61.7512582   5  51
  1       61.7514295   9  50
  1       61.7528750  10  51
211       68.7966703		Time Mark
  1       73.1700683   8  78
  1       73.1701310   1  84
  1       73.1701515   7  72
  1       73.1701683   2  78
  1       73.1703808   3  65
  1       73.1703885   6  73
* Gp# 1[8,1,7,2,3] x =    177.3, y =    170.6, q = 0.9791 dT[   108,   173,   180,   275] Src Amplitude = 78.0
*         73.1700683   8  78
*         73.1701310   1  84
*         73.1701515   7  72
*         73.1701683   2  78
*         73.1703808   3  65
  1       73.1704175   5  73
  1       73.1704318   4  76
  1       73.1705238   9  81
  1       73.1705460  10  77
  1       73.1767750   3  53
  1       73.1791288   3  50
  1       73.1875093   7  50
  1       73.1892728   7  51
  1       73.1929688   8  51
  1       73.1945183   2  51
  1       73.1948292   5  50
  1       73.1949915   6  51
  1       73.1954903   4  52
  1       73.1962755  10  51
* Gp# 1[2,5,6] x =    830.3, y =     1054, q = 0.9931 dT[   315,   473] Src Amplitude = 51.0
*         73.1945183   2  51
*         73.1948292   5  50
*         73.1949915   6  51
  1       73.1965378   5  51
  1       73.1975783   9  54
  1       73.1978003   5  50
  1       73.1980013  10  51
* Gp# 1[5,9,10] x =    358.9, y =     2404, q = 0.9931 dT[    80,   201] Src Amplitude = 50.0
*         73.1978003   5  50
*         73.1975783   9  54
*         73.1980013  10  51
  1       76.4391590   8  77
  1       76.4392225   1  83
  1       76.4392425   7  71
  1       76.4392587   2  76
  1       76.4394712   3  65
  1       76.4395115   5  73
* Gp# 1[8,1,7,2,3] x =    177.8, y =    171.7, q = 0.9803 dT[   107,   173,   180,   274] Src Amplitude = 77.0
*         76.4391590   8  77
*         76.4392225   1  83
*         76.4392425   7  71
*         76.4392587   2  76
*         76.4394712   3  65
  1       76.4395387   4  75
  1       76.4395900   6  72
  1       76.4396400  10  76
  1       76.4396810   9  80
  1       76.4454250   3  51
  1       76.4583300   2  53
  1       76.4629808   4  51
  1       76.4632367   5  52
  1       76.4632538   9  52
  1       76.4637017   6  50
  1       76.4647930   9  52
  1       76.4653658  10  51
  1       76.4654730   4  51
  1       76.4659157   1  50
  1       76.4669715   9  50
  1       76.4678440   1  50
  1       79.7890903   8  78
  1       79.7891558   1  83
  1       79.7891740   7  72
  1       79.7891898   2  76
  1       79.7894020   3  65
  1       79.7894420   5  73
* Gp# 1[8,1,7,2,3] x =      207, y =    170.4, q = 0.9941 dT[   107,   148,   180,   273] Src Amplitude = 78.0
*         79.7890903   8  78
*         79.7891558   1  83
*         79.7891740   7  72
*         79.7891898   2  76
*         79.7894020   3  65
  1       79.7894697   4  75
  1       79.7895210   6  73
  1       79.7895707  10  76
  1       79.7896165   9  80
  1       79.7953012   3  50
  1       79.8049325   7  52
  1       79.8086885   7  50
  1       79.8108663   2  50
  1       79.8115060   4  51
  1       79.8119900   8  50
  1       79.8129110   4  51
  1       79.8131448   5  50
  1       79.8145120   4  50
  1       79.8147240   9  52
  1       79.8149390   6  51
  1       79.8149390  10  52
  1       79.8168915   9  52
  1       79.8170233  10  51
  1       79.8185878   1  50
  1       83.4214367   8  77
  1       83.4215035   1  84
  1       83.4215230   7  70
  1       83.4215950   2  77
  1       83.4217525   3  64
  1       83.4218192   4  75
  1       83.4218355   5  72
* Gp# 1[8,1,7,2,3,4] x =    179.5, y =      172, q = 0.997 dT[   108,   172,   180,   275,   500] Src Amplitude = 77.0
*         83.4214367   8  77
*         83.4215035   1  84
*         83.4215230   7  70
*         83.4215950   2  77
*         83.4217525   3  64
*         83.4218192   4  75
  1       83.4219437   6  72
  1       83.4219700   9  81
  1       83.4219785  10  75
  1       83.4281510   3  52
  1       83.4390518   7  50
  1       83.4406443   7  51
  1       83.4419610   8  54
  1       83.4427288   2  51
  1       83.4432233   5  53
  1       83.4439443   8  51
  1       83.4455177   5  51
  1       83.4460660   9  53
  1       83.4467905  10  51
  1       83.4477540   4  50
  1       83.4481965   1  51
  1       83.4492475   9  51
  1       83.4493730  10  50
  1       83.4495645   1  51
  1       86.6812872   8  76
  1       86.6813533   1  82
  1       86.6813707   7  70
  1       86.6813905   2  75
  1       86.6815993   3  64
  1       86.6816398   5  71
* Gp# 1[8,1,7,2,3] x =    176.7, y =    173.1, q = 0.981 dT[   106,   173,   179,   273] Src Amplitude = 76.0
*         86.6812872   8  76
*         86.6813533   1  82
*         86.6813707   7  70
*         86.6813905   2  75
*         86.6815993   3  64
  1       86.6817223   6  71
  1       86.6817327   4  74
  1       86.6817685  10  75
  1       86.6818172   9  80
  1       86.6879985   3  50
  1       86.7006650   2  52
  1       86.7018080   8  52
  1       86.7031272   6  52
  1       86.7031588   5  51
  1       86.7042168  10  52
  1       86.7047695   4  52
  1       86.7048505   6  51
  1       86.7051220   9  50
  1       86.7065705   9  50
* Gp# 1[10,4,6] x =     1246, y =     2947, q = 0.328 dT[   266,   318] Src Amplitude = 52.0
*         86.7042168  10  52
*         86.7047695   4  52
*         86.7048505   6  51
  1       86.7075080  10  51
  1       86.7075978   1  50
  1       86.7090943   9  50
211       91.8449555		Time Mark
  1       94.2002650   1  53
  1       94.2015193   9  51
  1       94.2017315   1  53
  1       94.2027403  10  51
  1       94.2036397   1  52
  1       94.2066622   1  51
  1       94.2080747   9  50
  1       94.2119185   1  55
  1       94.2131933   9  52
  1       94.2133410  10  52
  1       94.2135080   5  50
  1       94.2139013   6  50
  1       94.2139130   2  51
  1       94.2149930   5  51
* Gp# 1[1,10,5,9] x =    622.8, y =     4297, q = 0.328 dT[   321,   473,   554] Src Amplitude = 55.0
*         94.2119185   1  55
*         94.2133410  10  52
*         94.2135080   5  50
*         94.2131933   9  52
  1       94.2151023   9  51
  1       94.2152272  10  53
  1       94.2170070   9  50
  1       94.2176322   1  51
  1       94.2194605  10  50
  1       95.6780572   8  83
  1       95.6781165   1  88
  1       95.6781185   7  76
  1       95.6781292   2  79
  1       95.6783727   3  67
  1       95.6783798   5  75
  1       95.6783958   4  78
  1       95.6784373   6  75
* Gp# 1[8,7,2,1,3,4,5] x =    468.5, y =      164, q = 0.998 dT[    58,    87,   100,   285,   459,   513] Src Amplitude = 83.0
*         95.6780572   8  83
*         95.6781185   7  76
*         95.6781292   2  79
*         95.6781165   1  88
*         95.6783727   3  67
*         95.6783958   4  78
*         95.6783798   5  75
  1       95.6785005   9  79
  1       95.6785137  10  79
  1       95.6861135   3  50
  1       95.6887275   3  50
  1       95.6970043   7  51
  1       95.6987010   7  50
  1       95.6998282   2  53
  1       95.7012015   8  52
  1       95.7031212   5  52
  1       95.7037897   8  50
  1       95.7049095   4  52
  1       95.7058562   6  50
  1       95.7061317   1  51
  1       99.2841112   8  82
  1       99.2841460   7  74
  1       99.2842245   1  87
  1       99.2842347   2  80
  1       99.2844270   3  67
  1       99.2844905   5  76
  1       99.2845055   4  77
  1       99.2845715   6  76
* Gp# 1[8,7,2,1,3,4,5] x =    427.3, y =    118.8, q = 0.8986 dT[    44,    68,    81,   312,   448,   699] Src Amplitude = 82.0
*         99.2841112   8  82
*         99.2841460   7  74
*         99.2842347   2  80
*         99.2842245   1  87
*         99.2844270   3  67
*         99.2845055   4  77
*         99.2844905   5  76
  1       99.2846145   9  80
  1       99.2846215  10  81
  1       99.2925087   3  51
  1       99.3033120   7  51
  1       99.3055887   7  51
  1       99.3067798   2  51
  1       99.3080540   2  51
  1       99.3087730   8  52
  1       99.3101260  10  52
  1       99.3103993   4  50
  1       99.3104480   6  51
  1       99.3114105   5  51
* Gp# 1[10,4,6] x =    157.5, y =     2767, q = 1 dT[    31,    84] Src Amplitude = 52.0
*         99.3101260  10  52
*         99.3103993   4  50
*         99.3104480   6  51
  1       99.3116420   9  50
  1       99.3116810   4  50
  1       99.3122250   6  51
  1       99.3128985   1  52
* Gp# 1[9,4,5] x =    751.8, y =     2727, q = 0.9996 dT[    39,    66] Src Amplitude = 50.0
*         99.3116420   9  50
*         99.3116810   4  50
*         99.3114105   5  51
  1       99.3131288   5  50
  1       99.3133900   9  51
  1       99.3144105   5  50
* Gp# 1[1,5,9] x =     1607, y =     4077, q = 0.9996 dT[   165,   427] Src Amplitude = 52.0
*         99.3128985   1  52
*         99.3131288   5  50
*         99.3133900   9  51
  1       99.3145215   1  51
  1       99.3155453  10  52
  1      102.6722840   8  78
  1      102.6723213   7  71
  1      102.6724115   1  84
  1      102.6724263   2  78
  1      102.6726115   3  65
  1      102.6726818   5  72
  1      102.6727113   4  74
  1      102.6727483   6  72
* Gp# 1[8,7,2,1,3,4,5] x =      405, y =    101.1, q = 0.9017 dT[    58,    81,    96,   327,   462,   714] Src Amplitude = 78.0
*        102.6722840   8  78
*        102.6723213   7  71
*        102.6724263   2  78
*        102.6724115   1  84
*        102.6726115   3  65
*        102.6727113   4  74
*        102.6726818   5  72
  1      102.6727958   9  77
  1      102.6727978  10  78
  1      102.6881625   7  51
  1      102.6944665   8  51
  1      102.6956508   1  52
  1      102.6957298   5  51
  1      102.6958818  10  53
  1      102.6960145   4  50
  1      102.6961465   6  53
  1      102.6967938   9  50
  1      102.6971858   1  51
* Gp# 1[1,10,4,5,6] x =      830, y =     1110, q = 0 dT[    47,   180,   199,   317] Src Amplitude = 52.0
*        102.6956508   1  52
*        102.6958818  10  53
*        102.6960145   4  50
*        102.6957298   5  51
*        102.6961465   6  53
  1      102.6985250   1  51
  1      102.6987043  10  51
  1      106.0258125   8  81
  1      106.0258525   7  75
  1      106.0258653   2  79
  1      106.0258708   1  85
  1      106.0260907   4  74
  1      106.0261203   5  74
  1      106.0261275   3  66
  1      106.0261950   6  73
  1      106.0262505   9  78
  1      106.0262538  10  81
* Gp# 1[8,7,2,1,3,4,5,9] x =    404.7, y =    94.51, q = 0.9366 dT[    59,    83,    96,   327,   463,   715,   762] Src Amplitude = 81.0
*        106.0258125   8  81
*        106.0258525   7  75
*        106.0258653   2  79
*        106.0258708   1  85
*        106.0261275   3  66
*        106.0260907   4  74
*        106.0261203   5  74
*        106.0262505   9  78
  1      106.0432945   7  50
  1      106.0488748   6  54
  1      106.0491223   4  50
  1      106.0504783   8  51
  1      106.0507135   9  54
  1      106.0507170   4  53
  1      106.0511365  10  51
  1      106.0517980   5  51
* Gp# 1[8,4,9,10] x =    159.7, y =    459.1, q = 0.8864 dT[   239,   602,   658] Src Amplitude = 51.0
*        106.0504783   8  51
*        106.0507170   4  53
*        106.0507135   9  54
*        106.0511365  10  51
  1      106.0521797   1  53
  1      106.0529118  10  50
  1      106.0562220   1  51
  1      106.0572510  10  50
  1      114.0093183   8  81
  1      114.0093553   7  73
  1      114.0094313   1  85
  1      114.0094417   2  79
  1      114.0096455   3  66
  1      114.0096970   5  74
  1      114.0097390   4  75
  1      114.0097780   6  73
  1      114.0098255   9  78
  1      114.0098315  10  79
* Gp# 1[8,7,2,1,3,4,5,9] x =    432.3, y =    112.8, q = 0.9343 dT[    44,    67,    81,   311,   448,   699,   746] Src Amplitude = 81.0
*        114.0093183   8  81
*        114.0093553   7  73
*        114.0094417   2  79
*        114.0094313   1  85
*        114.0096455   3  66
*        114.0097390   4  75
*        114.0096970   5  74
*        114.0098255   9  78
  1      114.0166265   3  50
  1      114.0301150   2  50
  1      114.0330480   4  52
  1      114.0339845   8  51
  1      114.0342203   9  55
  1      114.0351825   4  51
  1      114.0353332  10  51
  1      114.0355545   1  52
  1      114.0367873   4  51
  1      114.0381708   1  51
  1      114.0397280   1  51
211      118.3973325		Time Mark
  1      123.4874677   7  73
  1      123.4874915   8  80
  1      123.4875825   2  79
  1      123.4876255   1  83
  1      123.4877135   3  64
  1      123.4878478   5  73
  1      123.4878765   4  72
  1      123.4880195   6  72
* Gp# 1[7,2,8,1,3,5] x =    619.5, y =    84.84, q = 0.889 dT[    39,    44,   119,   343,   476] Src Amplitude = 73.0
*        123.4874677   7  73
*        123.4875825   2  79
*        123.4874915   8  80
*        123.4876255   1  83
*        123.4877135   3  64
*        123.4878478   5  73
  1      123.4880540   9  74
  1      123.4880725  10  78
  1      123.5041205   7  51
  1      123.5044042   2  55
  1      123.5075315   2  51
  1      123.5081720   8  50
  1      123.5085460   4  53
  1      123.5095800   5  53
  1      123.5103528   4  53
  1      123.5113853   6  51
  1      123.5118760   5  51
  1      123.5130340   9  50
  1      123.5133010   6  51
  1      123.5136343   1  52
  1      127.0734520   7  74
  1      127.0734760   8  81
  1      127.0735338   1  83
  1      127.0735650   2  79
  1      127.0736977   3  63
  1      127.0738115   5  73
  1      127.0738610   4  72
  1      127.0738903   6  73
* Gp# 1[7,2,8,1,3,5] x =    705.1, y =    190.6, q = 0.9937 dT[    35,    39,   119,   172,   476] Src Amplitude = 74.0
*        127.0734520   7  74
*        127.0735650   2  79
*        127.0734760   8  81
*        127.0735338   1  83
*        127.0736977   3  63
*        127.0738115   5  73
  1      127.0740015   9  74
  1      127.0740065  10  79
  1      127.0800645   3  50
  1      127.0931465   2  51
  1      127.0941560   8  51
  1      127.0963370   4  52
  1      127.0970600   5  50
  1      127.0973690   6  52
  1      127.0978447   9  51
  1      127.0992198  10  51
  1      127.0992845   6  51
  1      127.0996183   1  52
* Gp# 1[10,6,1] x =     1343, y =     2349, q = 1 dT[    65,   404] Src Amplitude = 51.0
*        127.0992198  10  51
*        127.0992845   6  51
*        127.0996183   1  52
  1      130.2459023   7  75
  1      130.2459287   8  82
  1      130.2459343   2  78
  1      130.2459835   1  83
  1      130.2461493   3  64
  1      130.2461880   5  72
  1      130.2462380   4  72
  1      130.2463260  10  80
  1      130.2463405   6  73
* Gp# 1[7,2,8,1,3,5] x =    613.5, y =    77.92, q = 0.8919 dT[    38,    40,   118,   342,   475] Src Amplitude = 75.0
*        130.2459023   7  75
*        130.2459343   2  78
*        130.2459287   8  82
*        130.2459835   1  83
*        130.2461493   3  64
*        130.2461880   5  72
  1      130.2463452   9  73
  1      130.2625547   7  51
  1      130.2661140   2  51
  1      130.2666645   8  50
  1      130.2693183   4  52
  1      130.2695868   6  51
  1      130.2700197   5  50
  1      130.2707790   9  51
  1      130.2716635   4  51
  1      130.2717675  10  51
  1      130.2718760   6  51
  1      130.2720633   1  52
  1      130.2740238   1  51
  1      130.4261605   2  61
  1      130.4262833   1  62
  1      130.4263380   8  56
  1      130.4265660   4  54
  1      130.4265868   5  52
  1      130.4266725   6  52
  1      130.4268085  10  57
  1      130.4270035   9  55
  1      130.4281873   4  50
* Gp# 1[2,1,8,4] x =    674.8, y =    713.4, q = 0.9783 dT[   126,   274,   406] Src Amplitude = 61.0
*        130.4261605   2  61
*        130.4262833   1  62
*        130.4263380   8  56
*        130.4265660   4  54
  1      130.4290993  10  52
  1      130.4310095   1  52
  1      133.2198640   7  74
  1      133.2198880   8  81
  1      133.2199465   1  83
  1      133.2199773   2  79
  1      133.2201100   3  64
  1      133.2202338   5  72
  1      133.2202732   4  72
  1      133.2203025   6  73
* Gp# 1[7,2,8,1,3,5] x =    613.4, y =    77.79, q = 0.8909 dT[    35,    39,   120,   343,   476] Src Amplitude = 74.0
*        133.2198640   7  74
*        133.2199773   2  79
*        133.2198880   8  81
*        133.2199465   1  83
*        133.2201100   3  64
*        133.2202338   5  72
  1      133.2204225  10  78
  1      133.2204250   9  74
  1      133.2365170   7  51
  1      133.2367892   2  54
  1      133.2399280   2  51
  1      133.2405683   8  50
  1      133.2405775   4  53
  1      133.2418610   8  51
  1      133.2432808   4  51
  1      133.2437045   6  51
  1      133.2442565   9  51
  1      133.2442727   5  50
  1      133.2452852   6  50
  1      133.2456262   4  50
  1      133.2457303  10  50
  1      133.2457428   9  50
  1      133.2460305   1  52
  1      133.2479810   1  50
  1      133.3912597   2  55
  1      133.3913753   1  57
  1      133.3913978   8  53
  1      133.3923612  10  53
* Gp# 1[2,1,8] x =    736.3, y =    452.2, q = 0.9997 dT[   127,   144] Src Amplitude = 55.0
*        133.3912597   2  55
*        133.3913753   1  57
*        133.3913978   8  53
  1      136.1718107   7  73
  1      136.1718373   8  80
  1      136.1718988   1  82
  1      136.1719255   2  78
  1      136.1720580   3  62
  1      136.1721803   5  71
  1      136.1722198   4  71
  1      136.1723625   6  72
* Gp# 1[7,2,8,1,3,5] x =    620.9, y =    80.21, q = 0.8917 dT[    39,    44,   119,   340,   476] Src Amplitude = 73.0
*        136.1718107   7  73
*        136.1719255   2  78
*        136.1718373   8  80
*        136.1718988   1  82
*        136.1720580   3  62
*        136.1721803   5  71
  1      136.1723965   9  73
  1      136.1724160  10  78
  1      136.1869392   7  52
  1      136.1925147   8  50
  1      136.1925477   4  53
  1      136.1939180   5  52
  1      136.1942523   6  52
  1      136.1946957   4  53
  1      136.1955920   9  52
  1      136.1956545   6  51
  1      136.1975785  10  50
  1      136.1979778   1  51
211      141.0535762		Time Mark
  1      145.6042635   7  77
  1      145.6043032   8  79
  1      145.6043635   1  77
  1      145.6043720   2  72
  1      145.6044733   3  61
  1      145.6047433   4  67
* Gp# 1[7,8,1] x =     2031, y =     1430, q = 0.8917 dT[   112,   396] Src Amplitude = 77.0
*        145.6042635   7  77
*        145.6043032   8  79
*        145.6043635   1  77
  1      145.6047783   5  69
  1      145.6048103   9  75
  1      145.6048148  10  71
  1      145.6048197   6  70
  1      145.6229280   8  51
* Gp# 1[6,9,10] x =     2393, y =     2206, q = 1 dT[   118,   284] Src Amplitude = 70.0
*        145.6048197   6  70
*        145.6048103   9  75
*        145.6048148  10  71
  1      145.6237810   6  51
  1      145.6242868   8  50
  1      145.6250025   5  51
  1      145.6250693   4  51
  1      145.6251008   6  51
  1      145.6260978   8  50
  1      145.6266232   1  52
  1      145.6266733   4  50
  1      145.6273370   6  52
  1      145.6279365  10  51
  1      150.8789418   7  77
  1      150.8789820   8  79
  1      150.8790455   1  77
  1      150.8790505   2  72
  1      150.8791518   3  60
  1      150.8793717  10  71
* Gp# 1[7,8,1] x =     2096, y =     3556, q = 1 dT[   112,   386] Src Amplitude = 77.0
*        150.8789418   7  77
*        150.8789820   8  79
*        150.8790455   1  77
  1      150.8794213   5  68
  1      150.8794220   4  67
  1      150.8794680   9  75
  1      150.8795223   6  70
  1      150.8982287   6  51
  1      150.8989650   8  51
  1      150.8996975   6  51
  1      150.9000455   5  52
  1      150.9007758   8  51
  1      150.9013020   1  51
  1      150.9019128   6  51
  1      150.9020020   9  51
  1      156.4464028   7  77
  1      156.4464537   8  79
  1      156.4465140   1  76
  1      156.4465230   2  72
  1      156.4466245   3  60
  1      156.4468937   5  68
  1      156.4468943   4  67
  1      156.4469403   9  74
* Gp# 1[7,8,1] x =     1631, y =     4906, q = 1 dT[   111,   385] Src Amplitude = 77.0
*        156.4464028   7  77
*        156.4464537   8  79
*        156.4465140   1  76
  1      156.4469658   6  70
  1      156.4469927  10  72
  1      156.4501163   3  51
* Gp# 1[6,9,10] x =     2400, y =     2172, q = 1 dT[   128,   294] Src Amplitude = 70.0
*        156.4469658   6  70
*        156.4469403   9  74
*        156.4469927  10  72
  1      156.4627752   2  51
  1      156.4641453   8  51
  1      156.4654813   4  51
  1      156.4655263   5  50
  1      156.4656323   8  51
  1      156.4658543   6  51
  1      156.4671060   5  51
* Gp# 1[5,4,8] x =     1661, y =     1387, q = 0.9409 dT[   197,   274] Src Amplitude = 50.0
*        156.4655263   5  50
*        156.4654813   4  51
*        156.4656323   8  51
  1      156.4671698   6  52
  1      156.4686043   4  51
  1      156.4694330   1  51
  1      156.4694793   9  51
  1      156.4694915   6  51
  1      156.4700878  10  50
  1      156.4713425   1  51
* Gp# 1[6,1,9] x =    492.2, y =     1792, q = 0.9999 dT[    16,    70] Src Amplitude = 51.0
*        156.4694915   6  51
*        156.4694330   1  51
*        156.4694793   9  51
  1      163.2801095   7  71
  1      163.2801525   8  72
  1      163.2802077   1  70
  1      163.2802095   2  66
  1      163.2806040   3  55
  1      163.2806247   4  61
  1      163.2806380   5  63
  1      163.2806883  10  66
* Gp# 1[7,8,1] x =    838.2, y =     3142, q = 0.9999 dT[   112,   385] Src Amplitude = 71.0
*        163.2801095   7  71
*        163.2801525   8  72
*        163.2802077   1  70
  1      163.2807043   6  65
  1      163.2807958   9  68
  1      163.2883933   7  50
* Gp# 1[6,9,10] x =     2400, y =     2172, q = 1 dT[   128,   294] Src Amplitude = 65.0
*        163.2807043   6  65
*        163.2807958   9  68
*        163.2806883  10  66
  1      163.2910505   2  51
  1      163.2946588   4  50
  1      163.2947358   5  51
  1      163.2949647   9  51
  1      163.2962200   1  50
* Gp# 1[5,4,9] x =     1144, y =     2428, q = 1 dT[   153,   229] Src Amplitude = 51.0
*        163.2947358   5  51
*        163.2946588   4  50
*        163.2949647   9  51
  1      163.2966175  10  51
  1      163.2968892   9  51
  1      163.2980020   1  51
  1      163.2984465   9  50
  1      163.2994442  10  50
  1      166.5275505   7  72
  1      166.5275837   8  74
  1      166.5276488   1  73
  1      166.5276502   2  68
  1      166.5277542   3  56
  1      166.5280628   4  63
* Gp# 1[7,8,1] x =    230.8, y =     3778, q = 1 dT[   111,   385] Src Amplitude = 72.0
*        166.5275505   7  72
*        166.5275837   8  74
*        166.5276488   1  73
  1      166.5280790   5  65
  1      166.5281288  10  68
  1      166.5281445   6  66
  1      166.5282362   9  70
  1      166.5367132   7  51
* Gp# 1[6,9,10] x =     2400, y =     2171, q = 1 dT[   128,   294] Src Amplitude = 66.0
*        166.5281445   6  66
*        166.5282362   9  70
*        166.5281288  10  68
  1      166.5399283   2  51
  1      166.5422310   8  51
  1      166.5428688   4  52
  1      166.5432140   5  52
  1      166.5439197  10  53
  1      166.5450805   5  51
  1      166.5465060   9  52
  1      166.5468845  10  52
  1      167.0998173   8  55
  1      167.0999088   1  58
  1      167.1006307  10  54
  1      167.1008250   9  53
* Gp# 1[8,1,10] x =     2357, y =     3521, q = 1 dT[   163,   607] Src Amplitude = 55.0
*        167.0998173   8  55
*        167.0999088   1  58
*        167.1006307  10  54
  1      167.1010888   6  50
  1      167.1028863   6  50
  1      167.1037837   9  51
  1      167.1042075  10  54
  1      167.1047270   1  51
  1      167.1058303  10  50
  1      169.8967243   7  73
  1      169.8967720   8  75
  1      169.8968223   1  73
  1      169.8968235   2  68
  1      169.8969278   3  56
  1      169.8972357   4  62
* Gp# 1[7,8,1] x =    197.5, y =     4871, q = 1 dT[   112,   386] Src Amplitude = 73.0
*        169.8967243   7  73
*        169.8967720   8  75
*        169.8968223   1  73
  1      169.8972525   5  64
  1      169.8973183   6  66
  1      169.8973370  10  68
  1      169.8973960   9  70
  1      169.9046002   7  51
* Gp# 1[6,9,10] x =     2395, y =     2175, q = 1 dT[   128,   294] Src Amplitude = 66.0
*        169.8973183   6  66
*        169.8973960   9  70
*        169.8973370  10  68
  1      169.9076648   2  51
  1      169.9091017   2  51
  1      169.9114045   8  51
  1      169.9114982   4  52
  1      169.9123933   5  52
  1      169.9127648   4  51
  1      169.9128223   6  51
  1      169.9132820  10  51
  1      169.9142540   5  50
  1      169.9150610   9  50
  1      169.9150667   1  50
  1      169.9160577  10  52
211      176.1100192		Time Mark
  1      180.3995542   7  74
  1      180.3996570   8  73
  1      180.3997433   2  74
  1      180.3997438   3  63
  1      180.3997678   1  80
  1      180.4000775   5  70
  1      180.4001072   4  69
* Gp# 1[7,2,3,1,5] x =     1246, y =    144.4, q = 0.9938 dT[   147,   151,   357,   537] Src Amplitude = 74.0
*        180.3995542   7  74
*        180.3997433   2  74
*        180.3997438   3  63
*        180.3997678   1  80
*        180.4000775   5  70
  1      180.4001213   6  69
  1      180.4002230  10  72
  1      180.4002798   9  69
  1      180.4020765   3  51
  1      180.4094650   7  52
  1      180.4125218   2  52
  1      180.4137615   8  51
  1      180.4141000   2  51
  1      180.4157010   2  51
  1      180.4159025   8  51
  1      180.4162852   6  52
  1      180.4175853   4  51
  1      180.4180795   5  51
  1      180.4183315   6  53
  1      180.4189020  10  50
  1      180.4196380   5  52
  1      180.4200555   9  53
  1      180.4202927   1  52
  1      180.4206815   4  50
  1      180.4211788   6  51
  1      183.4155715   7  73
  1      183.4156745   8  71
  1      183.4157603   2  73
  1      183.4157623   3  62
  1      183.4158907   1  79
  1      183.4160970   5  69
  1      183.4161265   4  67
* Gp# 1[7,2,3,1,5] x =     1246, y =    144.4, q = 0.9941 dT[   146,   153,   356,   537] Src Amplitude = 73.0
*        183.4155715   7  73
*        183.4157603   2  73
*        183.4157623   3  62
*        183.4158907   1  79
*        183.4160970   5  69
  1      183.4161382   6  68
  1      183.4162430  10  71
  1      183.4162970   9  68
  1      183.4182560   3  50
  1      183.4254822   7  51
  1      183.4297840   8  50
  1      183.4301215   2  50
  1      183.4310647   8  51
  1      183.4313058   4  51
  1      183.4317233   5  52
  1      183.4323200   6  51
* Gp# 1[8,4,5] x =   0.4643, y =    379.2, q = 0.4486 dT[   241,   659] Src Amplitude = 51.0
*        183.4310647   8  51
*        183.4313058   4  51
*        183.4317233   5  52
  1      183.4330725   8  50
  1      183.4331783   1  52
  1      183.4338787   5  50
  1      183.4343488   6  52
  1      183.4352965   1  51
  1      183.4356555   5  51
  1      183.4360773   9  52
  1      183.4367453   1  50
  1      186.8323325   7  74
  1      186.8324330   8  72
  1      186.8325192   2  73
  1      186.8325213   3  62
  1      186.8325435   1  79
  1      186.8328560   5  69
  1      186.8328855   4  68
* Gp# 1[7,2,3,1,5] x =     1246, y =    144.1, q = 0.9937 dT[   147,   151,   357,   538] Src Amplitude = 74.0
*        186.8323325   7  74
*        186.8325192   2  73
*        186.8325213   3  62
*        186.8325435   1  79
*        186.8328560   5  69
  1      186.8328970   6  68
  1      186.8330020  10  71
  1      186.8330795   9  69
  1      186.8350148   3  50
  1      186.8422410   7  51
  1      186.8465375   8  50
  1      186.8468763   2  50
  1      186.8480645   4  51
  1      186.8484820   5  52
  1      186.8490615   6  51
  1      186.8497550   9  52
  1      186.8497895   4  50
  1      186.8498310   8  50
  1      186.8503370   1  52
  1      186.8506373   5  50
  1      186.8511075   6  52
  1      186.8519712   9  50
  1      186.8524140   5  51
  1      186.8530742   1  51
  1      190.2535778   7  73
  1      190.2536810   8  71
  1      190.2537665   2  74
  1      190.2537680   3  63
  1      190.2538050   1  79
  1      190.2540950   5  69
  1      190.2541318   4  68
  1      190.2541455   6  68
  1      190.2542438  10  72
  1      190.2543205   9  69
  1      190.2557490   3  51
* Gp# 1[7,2,3,1,5,4,6,9] x =     1150, y =     92.7, q = 0.9706 dT[   148,   151,   357,   537,   556,   683,   892] Src Amplitude = 73.0
*        190.2535778   7  73
*        190.2537665   2  74
*        190.2537680   3  63
*        190.2538050   1  79
*        190.2540950   5  69
*        190.2541318   4  68
*        190.2541455   6  68
*        190.2543205   9  69
  1      190.2634892   7  51
  1      190.2665463   2  50
  1      190.2681287   2  50
  1      190.2695480   4  50
  1      190.2697303   5  52
  1      190.2703095   6  51
  1      190.2710683   9  52
  1      190.2711997   4  50
  1      190.2718858   5  50
  1      190.2723558   6  51
  1      190.2724010  10  51
  1      190.2732195   9  50
  1      190.2733040   1  50
  1      190.2736628   5  50
  1      193.6751350   7  75
  1      193.6752378   8  73
  1      193.6753245   2  75
  1      193.6753247   3  63
  1      193.6753335   1  81
  1      193.6756445  10  70
  1      193.6756610   5  70
  1      193.6756905   4  70
  1      193.6757023   6  70
* Gp# 1[7,3,2,1,4] x =     1260, y =    167.1, q = 0.9984 dT[   137,   157,   340,   558] Src Amplitude = 75.0
*        193.6751350   7  75
*        193.6753247   3  63
*        193.6753245   2  75
*        193.6753335   1  81
*        193.6756905   4  70
  1      193.6758468   9  70
  1      193.6896585   2  55
  1      193.6926978   2  51
  1      193.6934487   7  67
  1      193.6934917   8  68
  1      193.6936162   3  51
  1      193.6939698   2  62
  1      193.6941950   6  61
  1      193.7008593   2  50
  1      193.7010240   8  53
  1      193.7025263   8  52
  1      193.7031272   2  51
  1      193.7040925   5  54
  1      193.7044880   8  52
  1      193.7061165  10  54
  1      193.7073583   6  52
  1      193.7073660   9  53
  1      193.7078797  10  50
  1      193.7078948   1  51
  1      193.7106335   1  51
211      200.5172402		Time Mark
  1      205.1822428   7  72
  1      205.1822728   8  71
  1      205.1823385   3  63
  1      205.1823477   1  73
  1      205.1824075   2  74
  1      205.1827248   6  68
  1      205.1827322   5  68
* Gp# 1[7,3,8,2,1,6] x =     1459, y =    90.06, q = 0.8779 dT[    99,   134,   170,   254,   711] Src Amplitude = 72.0
*        205.1822428   7  72
*        205.1823385   3  63
*        205.1822728   8  71
*        205.1824075   2  74
*        205.1823477   1  73
*        205.1827248   6  68
  1      205.1827608   4  66
  1      205.1828830  10  69
  1      205.1828867   9  71
  1      205.1844590   3  51
  1      205.1914427   7  53
  1      205.1924093   2  54
  1      205.1952487   2  51
  1      205.1954177   8  52
  1      205.1973892   4  53
  1      205.1978705   5  52
  1      205.1996260   4  50
  1      205.2004103  10  50
  1      205.2014585   1  51
  1      205.2019850   6  51
  1      209.4354275   7  74
  1      209.4354580   8  74
  1      209.4355237   3  64
  1      209.4355332   1  75
  1      209.4355928   2  76
  1      209.4358188   6  68
  1      209.4359172   5  68
* Gp# 1[7,3,8,2,1,6] x =     1446, y =    82.01, q = 0.8869 dT[    99,   150,   185,   269,   711] Src Amplitude = 74.0
*        209.4354275   7  74
*        209.4355237   3  64
*        209.4354580   8  74
*        209.4355928   2  76
*        209.4355332   1  75
*        209.4358188   6  68
  1      209.4359260   9  72
  1      209.4359455   4  68
  1      209.4359785  10  71
  1      209.4376440   3  51
  1      209.4455563   7  51
  1      209.4481070   2  52
  1      209.4495490   2  51
  1      209.4514090   5  53
  1      209.4524028   7  54
  1      209.4524448   6  53
  1      209.4525305   8  54
  1      209.4525655   2  57
  1      209.4533652   5  53
  1      209.4544768   6  50
* Gp# 1[8,2,6] x =    830.4, y =    91.04, q = 0.9998 dT[    23,   524] Src Amplitude = 54.0
*        209.4525305   8  54
*        209.4525655   2  57
*        209.4524448   6  53
  1      209.4547443   4  51
  1      209.4560202   9  52
  1      209.4561925   6  51
  1      209.4564125  10  50
  1      209.4567642   5  51
  1      209.4588645   9  51
  1      209.4589300  10  51
  1      212.7340583   7  75
  1      212.7341388   8  74
  1      212.7342045   3  65
  1      212.7342110   1  75
  1      212.7342738   2  77
  1      212.7345830   5  70
* Gp# 1[7,3,8,2,1] x =     1478, y =    176.9, q = 0.9825 dT[    99,   136,   171,   269] Src Amplitude = 75.0
*        212.7340583   7  75
*        212.7342045   3  65
*        212.7341388   8  74
*        212.7342738   2  77
*        212.7342110   1  75
  1      212.7345908   6  69
  1      212.7346267   4  69
  1      212.7346560  10  72
  1      212.7346803   9  73
  1      212.7357238   3  50
  1      212.7370585   3  51
  1      212.7449298   7  51
  1      212.7468435   7  50
  1      212.7495363   2  50
  1      212.7497897   7  51
  1      212.7510780   8  50
  1      212.7526513   5  51
  1      212.7531075   1  51
  1      212.7538475   6  52
  1      212.7538675   4  52
  1      212.7546207  10  51
  1      212.7549410   1  51
  1      212.7555475   9  51
  1      212.7567418  10  50
* Gp# 1[1,10,9] x =    466.8, y =     1527, q = 0.9825 dT[   154,   608] Src Amplitude = 51.0
*        212.7549410   1  51
*        212.7546207  10  51
*        212.7555475   9  51
  1      216.9908040   7  73
  1      216.9908845   8  72
  1      216.9909508   3  64
  1      216.9909635   1  74
  1      216.9910195   2  76
  1      216.9913372   6  68
  1      216.9913448   5  67
* Gp# 1[7,3,8,2,1,6] x =     1413, y =     95.9, q = 0.8835 dT[   100,   151,   171,   270,   712] Src Amplitude = 73.0
*        216.9908040   7  73
*        216.9909508   3  64
*        216.9908845   8  72
*        216.9910195   2  76
*        216.9909635   1  74
*        216.9913372   6  68
  1      216.9913725   4  67
  1      216.9914917  10  70
  1      216.9914993   9  72
  1      216.9930540   3  51
  1      217.0010213   2  55
  1      217.0044520   2  52
  1      217.0049885   8  53
  1      217.0059520   5  50
  1      217.0059955   4  51
  1      217.0073000   5  50
  1      217.0073698   4  52
  1      217.0078722   6  50
  1      217.0086280   5  51
  1      217.0092718   9  51
  1      217.0094825  10  51
  1      217.0100708   1  51
  1      220.2564775   7  73
  1      220.2565580   8  73
  1      220.2566242   3  64
  1      220.2566363   1  75
  1      220.2566935   2  76
  1      220.2570108   6  69
  1      220.2570182   5  68
* Gp# 1[7,3,8,2,1,6] x =     1463, y =    86.26, q = 0.8757 dT[   100,   135,   171,   255,   715] Src Amplitude = 73.0
*        220.2564775   7  73
*        220.2566242   3  64
*        220.2565580   8  73
*        220.2566935   2  76
*        220.2566363   1  75
*        220.2570108   6  69
  1      220.2570463   4  68
  1      220.2570785  10  70
  1      220.2570995   9  72
  1      220.2581430   3  51
  1      220.2664478   7  50
  1      220.2692068   2  51
  1      220.2706070   8  53
  1      220.2710825   2  50
  1      220.2728990   8  50
  1      220.2735455   6  52
  1      220.2745615   5  51
  1      220.2748497   4  50
  1      220.2750665   1  51
  1      220.2762708   6  51
  1      220.2762870   4  50
  1      220.2764443   1  51
  1      220.2768813   9  50
  1      220.2781677   1  50
* Gp# 1[6,4,1] x =     2464, y =     2166, q = 1 dT[    16,   274] Src Amplitude = 51.0
*        220.2762708   6  51
*        220.2762870   4  50
*        220.2764443   1  51
  1      221.2165110   1  54
  1      221.2174458   9  50
  1      221.2177833   6  50
  1      221.2184328  10  52
  1      221.2323265   1  50
  1      221.2328932   8  52
  1      221.2333863  10  59
  1      221.2335650   1  59
  1      221.2337278   5  54
  1      221.2337377   9  57
  1      221.2338482   6  53
  1      221.2342355   4  51
  1      221.2355387   8  53
  1      221.2363568   4  50
  1      221.2369667   6  51
  1      221.2374970   5  51
  1      221.2382965   8  53
  1      221.2386143   4  51
  1      221.2387153   6  51
  1      221.2388318   9  57
  1      221.2390870   2  50
  1      221.2395237   5  53
  1      221.2400803   4  54
  1      221.2402767   6  55
  1      221.2411038   8  51
  1      221.2426910   5  53
  1      221.2430425   8  51
  1      221.2436680   6  51
  1      221.2438528   4  50
  1      221.2445633   9  51
  1      221.2446878   5  51
  1      221.2464323   1  58
  1      221.2464555   6  50
  1      221.2466228   9  51
  1      221.2468737  10  56
  1      221.2473965   5  54
  1      221.2477898   6  54
  1      221.2478615   9  54
  1      221.2478990   4  51
  1      221.2490998   8  53
* Gp# 1[6,9,4] x =     2366, y =     2369, q = 0.9991 dT[    52,    63] Src Amplitude = 54.0
*        221.2477898   6  54
*        221.2478615   9  54
*        221.2478990   4  51
  1      221.2494665   4  50
  1      221.2502287   5  51
  1      221.2502768  10  52
  1      221.2502818   6  53
  1      221.2508888   9  52
  1      221.2516830   4  50
  1      221.2521185   5  52
  1      221.2523378  10  51
  1      221.2532500   9  51
  1      221.2534330   6  50
  1      221.2537053   1  50
  1      221.2822450   1  51
* Gp# 1[6,9,1] x =     2210, y =     2252, q = 1 dT[   158,   375] Src Amplitude = 50.0
*        221.2534330   6  50
*        221.2532500   9  51
*        221.2537053   1  50
  1      221.3000573   8  54
  1      221.3001450   1  61
  1      221.3006165  10  59
  1      221.3007085   6  55
  1      221.3007555   5  56
  1      221.3008192   2  51
  1      221.3010312   4  54
  1      221.3011110   9  56
  1      221.3020562   8  52
* Gp# 1[2,4,6,10,9] x =    556.1, y =     1317, q = 0.4266 dT[   196,   203,   318,   363] Src Amplitude = 51.0
*        221.3008192   2  51
*        221.3010312   4  54
*        221.3007085   6  55
*        221.3006165  10  59
*        221.3011110   9  56
  1      221.3023627   2  53
  1      221.3042710   8  52
  1      221.3044675   2  51
  1      221.3057540   4  51
  1      221.3057955   5  53
  1      221.3066510   6  52
  1      221.3069018   8  51
  1      221.3077992   4  52
  1      221.3081678   5  51
  1      221.3086288   6  51
  1      221.3092937   1  53
  1      221.3101685   6  50
  1      221.3106863   4  50
  1      221.3107085   9  50
  1      221.3123365   1  53
  1      221.3126940  10  51
  1      221.3131797   9  51
  1      221.3131912   6  50
  1      221.3141247   1  50
  1      221.3152535  10  51
  1      221.3262743   1  50
  1      221.3388098   8  53
  1      221.3389533   1  58
  1      221.3393893   2  51
  1      221.3394765   6  53
  1      221.3395500  10  55
  1      221.3396423   9  51
  1      221.3396713   5  54
  1      221.3410010   4  51
  1      221.3410353   9  53
  1      221.3410728   8  51
  1      221.3413938   2  50
  1      221.3421143   6  52
  1      221.3426492   2  51
* Gp# 1[4,8,2] x =     2076, y =     1884, q = 0 dT[   270,   389] Src Amplitude = 51.0
*        221.3410010   4  51
*        221.3410728   8  51
*        221.3413938   2  50
  1      221.3431045   5  51
  1      221.3433870   6  51
  1      221.3435055   4  50
  1      221.3441993   1  51
  1      221.3456630   9  51
  1      221.3458487   1  51
  1      221.3458797   6  50
  1      221.3470725  10  51
* Gp# 1[9,1,6] x =    830.3, y =     2390, q = 0 dT[   202,   217] Src Amplitude = 51.0
*        221.3456630   9  51
*        221.3458487   1  51
*        221.3458797   6  50
  1      221.3471882   9  50
  1      221.3483883   1  51
  1      221.3489447  10  52
  1      221.3496440   1  51
  1      221.3503443  10  51
  1      221.3520182   1  50
  1      221.4590995   1  52
  1      221.4608180  10  51
  1      221.4617062   1  50
  1      221.5038120   1  50
  1      221.5052052   1  56
  1      221.5052377  10  55
  1      221.5054358   5  52
  1      221.5056542   6  50
  1      221.5057413   9  51
  1      221.5065537   8  52
* Gp# 1[5,6,9] x =     1230, y =     2320, q = 1 dT[   221,   306] Src Amplitude = 52.0
*        221.5054358   5  52
*        221.5056542   6  50
*        221.5057413   9  51
  1      221.5072105   6  51
  1      221.5073975   5  52
  1      221.5075340   9  55
* Gp# 1[1,8,6,10] x =     1898, y =    484.5, q = 0.9744 dT[    46,   335,   522] Src Amplitude = 56.0
*        221.5052052   1  56
*        221.5065537   8  52
*        221.5072105   6  51
*        221.5052377  10  55
  1      221.5082533   4  51
  1      221.5085093   6  52
  1      221.5087903   8  51
  1      221.5092508   5  51
  1      221.5103218   4  50
  1      221.5105700   6  50
  1      221.5120730   4  50
  1      221.5121120   1  51
  1      221.5129280  10  51
  1      221.5133547   1  52
  1      221.5138003   9  52
  1      221.5142117  10  54
  1      221.5164903  10  51
* Gp# 1[1,9,10] x =    375.7, y =     1835, q = 0.9744 dT[   275,   690] Src Amplitude = 52.0
*        221.5133547   1  52
*        221.5138003   9  52
*        221.5142117  10  54
  1      221.5165680   6  50
  1      221.5171832   1  50
  1      221.5175547   9  51
  1      221.5184245   1  54
  1      221.5191778   9  50
  1      221.5192338  10  50
  1      221.5206040   1  51
* Gp# 1[1,9,10] x =     1968, y =     3185, q = 0.9744 dT[   498,   563] Src Amplitude = 54.0
*        221.5184245   1  54
*        221.5191778   9  50
*        221.5192338  10  50
  1      221.5221170   8  57
  1      221.5221310   1  60
  1      221.5226898   6  55
  1      221.5227145   9  56
  1      221.5228828   5  56
  1      221.5228882  10  56
  1      221.5230965   2  54
  1      221.5238470   4  54
  1      221.5257688   2  53
* Gp# 1[2,5,9] x =    764.8, y =     1460, q = 1 dT[    89,   324] Src Amplitude = 54.0
*        221.5230965   2  54
*        221.5228828   5  56
*        221.5227145   9  56
  1      221.5264755   8  51
  1      221.5266545   5  52
  1      221.5275895   4  52
  1      221.5280250   6  50
  1      221.5283057   5  53
  1      221.5296202  10  53
  1      221.5296907   4  51
  1      221.5297708   6  52
  1      221.5301377   9  51
  1      221.5309962   1  52
* Gp# 1[10,4,6] x =     1107, y =     2405, q = 1 dT[    71,   156] Src Amplitude = 53.0
*        221.5296202  10  53
*        221.5296907   4  51
*        221.5297708   6  52
  1      221.5310260  10  53
  1      221.5312475   6  51
  1      221.5319765   9  50
  1      221.5330117   1  50
* Gp# 1[10,6,1] x =     1357, y =     2313, q = 1 dT[    46,   380] Src Amplitude = 53.0
*        221.5310260  10  53
*        221.5312475   6  51
*        221.5309962   1  52
  1      221.5514520   1  50
  1      221.5530498   1  52
  1      221.5534135  10  52
  1      221.5541182   9  51
  1      221.5542953   1  56
  1      221.5546723  10  56
  1      221.5546800   6  50
  1      221.5549218   8  51
  1      221.5551340   5  50
  1      221.5552228   4  51
  1      221.5554640   9  54
  1      221.5561045   6  50
  1      221.5569555   5  52
  1      221.5572170   8  52
  1      221.5574465   6  50
  1      221.5582685   9  53
  1      221.5582855   4  50
  1      221.5587312   6  51
  1      221.5616108   1  50
  1      221.5617370  10  53
  1      221.5626443   9  52
  1      221.5630393   1  50
  1      221.5654620  10  50
  1      225.8568217   1  51
  1      225.8585438   1  51
  1      225.8593850  10  50
  1      225.8684663   1  52
  1      225.8691732   9  50
  1      225.8694723  10  51
  1      225.8711637  10  52
* Gp# 1[1,9,10] x =    86.07, y =     3663, q = 1 dT[   376,   675] Src Amplitude = 52.0
*        225.8684663   1  52
*        225.8691732   9  50
*        225.8694723  10  51
  1      225.8712468   9  52
  1      225.8719532   1  51
  1      225.8750277  10  50
  1      225.9146085   1  54
  1      225.9150760   9  52
  1      225.9155700  10  51
  1      225.9170625  10  51
* Gp# 1[1,9,10] x =     1739, y =     5013, q = 1 dT[    11,    67] Src Amplitude = 54.0
*        225.9146085   1  54
*        225.9150760   9  52
*        225.9155700  10  51
  1      225.9175973   1  52
  1      225.9179198   6  50
  1      225.9179303   9  51
  1      225.9184500  10  53
  1      225.9187908   5  50
  1      225.9194868   6  50
  1      225.9197272   1  52
  1      225.9200595   4  51
  1      225.9207415   9  52
  1      225.9211300  10  50
  1      225.9228700  10  51
  1      225.9235398   1  50
  1      225.9270145   1  51
  1      225.9280960  10  51
  1      225.9286380   1  53
  1      225.9333678   1  51
  1      225.9568268   1  53
  1      225.9772770   1  50
  1      225.9791020   9  50
  1      225.9806128  10  51
  1      231.6041767   8  93
  1      231.6041910   7  91
  1      231.6045570   2  87
  1      231.6045645   1  90
  1      231.6047668   6  88
  1      231.6048135   3  74
  1      231.6048268   5  88
  1      231.6048652   9  89
  1      231.6048875  10  91
  1      231.6049118   4  87
  1      231.6320605   3  52
  1      231.6360022   3  50
  1      231.6494882   7  54
  1      231.6515000   7  53
  1      231.6518358   8  53
  1      231.6523780   2  51
  1      231.6531888   6  53
  1      231.6537058   7  52
  1      231.6537205   9  52
  1      231.6544483   8  51
  1      231.6546530   4  50
  1      231.6550732   9  52
* Gp# 1[6,7,9,8] x =     1122, y =     1850, q = 0.349 dT[    21,    62,   714] Src Amplitude = 53.0
*        231.6531888   6  53
*        231.6537058   7  52
*        231.6537205   9  52
*        231.6544483   8  51
  1      231.6554358   2  51
  1      231.6554685  10  51
  1      231.6554940   5  52
  1      231.6563283   4  50
  1      231.6567438   1  53
  1      231.6617675   1  51
211      231.8947120		Time Mark
  1      233.4960637   8  50
  1      233.4966288   7  59
  1      233.4969843   1  60
  1      233.4971317   2  59
  1      233.4973095   8  57
  1      233.4974098   6  58
  1      233.4974490  10  61
  1      233.4974712   9  62
  1      233.4975270   4  59
  1      233.4976693   5  60
  1      233.5027420   7  52
* Gp# 1[8,9,2,4,10] x =     2491, y =    528.3, q = 0.3139 dT[   106,   197,   244,   980] Src Amplitude = 57.0
*        233.4973095   8  57
*        233.4974712   9  62
*        233.4971317   2  59
*        233.4975270   4  59
*        233.4974490  10  61
  1      233.5034470   2  51
  1      233.5056225   2  52
  1      233.5059235   8  54
  1      233.5061372   7  50
  1      233.5067543   4  54
  1      233.5072040   5  51
  1      233.5080422   8  51
  1      233.5088077   6  50
  1      233.5090605   4  50
  1      233.5097202   9  51
  1      233.5101400   5  50
  1      233.5103548   6  52
  1      233.5103612   4  50
  1      233.5109075  10  50
  1      233.5117368   5  51
* Gp# 1[5,6,4] x =     1165, y =     1878, q = 0.3139 dT[   215,   221] Src Amplitude = 50.0
*        233.5101400   5  50
*        233.5103548   6  52
*        233.5103612   4  50
  1      233.5118598   1  50
  1      233.5122255   4  50
  1      233.5133140   1  51
  1      240.1779950   7  70
  1      240.1779975   8  72
  1      240.1780582   1  73
  1      240.1780812   3  67
  1      240.1782080   2  72
  1      240.1784493   9  69
  1      240.1784505   6  67
  1      240.1784535   5  70
  1      240.1785075  10  71
  1      240.1785455   4  70
  1      240.1803053   3  52
* Gp# 1[7,3,8,1,2,6,4,10,9] x =     1718, y =    110.5, q = 0.9591 dT[    48,    51,   163,   201,   446,   587,   708,   902] Src Amplitude = 70.0
*        240.1779950   7  70
*        240.1780812   3  67
*        240.1779975   8  72
*        240.1780582   1  73
*        240.1782080   2  72
*        240.1784505   6  67
*        240.1785455   4  70
*        240.1785075  10  71
  1      240.1889698   7  52
  1      240.1912210   7  50
  1      240.1942620   8  50
  1      240.1948525   2  50
  1      240.1951760   6  51
  1      240.1951885   4  51
  1      240.1964097  10  52
  1      240.1968158   6  51
  1      240.1973225   5  50
  1      240.1975730   9  51
  1      240.1976635  10  50
  1      240.1990647   9  50
  1      240.2000518  10  52
  1      240.2015720   1  50
  1      243.5471015   8  70
  1      243.5471303   7  67
  1      243.5471705   1  72
  1      243.5471820   3  66
  1      243.5473090   2  70
  1      243.5475515   6  65
  1      243.5475605   5  68
  1      243.5476463   4  68
  1      243.5477080  10  70
  1      243.5477132   9  67
  1      243.5485823   3  53
* Gp# 1[7,3,8,1,2,6,4,10,9] x =     1719, y =    110.8, q = 0.9592 dT[    48,    50,   163,   201,   445,   586,   708,   902] Src Amplitude = 67.0
*        243.5471303   7  67
*        243.5471820   3  66
*        243.5471015   8  70
*        243.5471705   1  72
*        243.5473090   2  70
*        243.5475515   6  65
*        243.5476463   4  68
*        243.5477080  10  70
  1      243.5580710   7  50
  1      243.5587050   2  53
  1      243.5601568   2  51
  1      243.5619820   4  51
  1      243.5626343   8  50
  1      243.5632935   4  51
  1      243.5638525   5  53
  1      243.5641445  10  51
  1      246.6326595   8  71
  1      246.6326692   7  68
  1      246.6327018   1  73
  1      246.6327218   3  66
  1      246.6328485   2  70
  1      246.6330910   6  66
  1      246.6331003   5  69
  1      246.6331445   9  67
  1      246.6331977   4  68
  1      246.6332513  10  70
  1      246.6341210   3  53
* Gp# 1[7,3,8,1,2,4,10,9] x =     1743, y =    42.71, q = 0.963 dT[    49,    50,   164,   201,   587,   813,   902] Src Amplitude = 68.0
*        246.6326692   7  68
*        246.6327218   3  66
*        246.6326595   8  71
*        246.6327018   1  73
*        246.6328485   2  70
*        246.6331977   4  68
*        246.6332513  10  70
*        246.6331445   9  67
  1      246.6436105   7  50
  1      246.6457245   8  54
  1      246.6469720   2  50
  1      246.6481733   8  51
  1      246.6488367   4  52
  1      246.6490630   6  51
  1      246.6498005   5  50
  1      246.6504520  10  50
  1      246.6512515   9  50
  1      246.6514560   6  50
  1      249.7923652   7  68
  1      249.7923980   8  71
  1      249.7924667   1  73
  1      249.7924808   3  67
  1      249.7926090   2  71
  1      249.7928518   6  67
  1      249.7928548   5  69
  1      249.7929463   4  69
  1      249.7929998  10  71
  1      249.7930130   9  68
* Gp# 1[7,3,8,1,2,6,4,10,9] x =     1696, y =    128.8, q = 0.9572 dT[    48,    50,   164,   171,   446,   586,   708,   903] Src Amplitude = 68.0
*        249.7923652   7  68
*        249.7924808   3  67
*        249.7923980   8  71
*        249.7924667   1  73
*        249.7926090   2  71
*        249.7928518   6  67
*        249.7929463   4  69
*        249.7929998  10  71
  1      249.8064615   2  51
  1      249.8088242   5  54
  1      249.8091382   6  51
  1      249.8101270  10  50
  1      249.8103500   8  50
  1      249.8111888   4  50
  1      249.8120645  10  50
  1      249.8120970   6  50
  1      249.8135460  10  50
  1      249.8141735   9  50
  1      253.4274368   7  70
  1      253.4274610   8  71
  1      253.4275030   1  73
  1      253.4275228   3  67
  1      253.4276498   2  71
  1      253.4278905   9  68
  1      253.4278923   6  67
  1      253.4278953   5  70
  1      253.4279493  10  71
  1      253.4279993   4  69
  1      253.4289225   3  54
* Gp# 1[7,3,8,1,2,6,4,10,9] x =     1705, y =      117, q = 0.959 dT[    48,    60,   163,   201,   446,   587,   708,   903] Src Amplitude = 70.0
*        253.4274368   7  70
*        253.4275228   3  67
*        253.4274610   8  71
*        253.4275030   1  73
*        253.4276498   2  71
*        253.4278923   6  67
*        253.4279993   4  69
*        253.4279493  10  71
  1      253.4377640   7  51
  1      253.4390258   7  50
  1      253.4418385   8  51
  1      253.4433027   8  50
  1      253.4433227   2  50
  1      253.4436335   4  53
  1      253.4446182   6  50
* Gp# 1[8,2,4] x =      272, y =    428.4, q = 1 dT[    20,   335] Src Amplitude = 50.0
*        253.4433027   8  50
*        253.4433227   2  50
*        253.4436335   4  53
  1      253.4454842   4  51
  1      253.4458513  10  52
  1      253.4460525   9  51
  1      253.4462573   6  51
  1      253.4467442   5  51
  1      253.4471052  10  50
  1      253.4478023   9  50
  1      253.4494937  10  51
211      259.1910792		Time Mark
  1      263.8816365   8  67
  1      263.8817188   7  64
  1      263.8817388   3  62
  1      263.8817742   1  73
  1      263.8819055   2  67
  1      263.8820933   5  63
  1      263.8821122   6  68
  1      263.8821577   4  64
  1      263.8822485  10  69
  1      263.8822530   9  69
  1      263.8889325   7  52
* Gp# 1[7,3,1,2,6,4,9,10] x =     1946, y =    58.46, q = 0.9765 dT[    26,    77,   235,   460,   573,   697,   792] Src Amplitude = 64.0
*        263.8817188   7  64
*        263.8817388   3  62
*        263.8817742   1  73
*        263.8819055   2  67
*        263.8821122   6  68
*        263.8821577   4  64
*        263.8822530   9  69
*        263.8822485  10  69
  1      263.8907572   7  50
  1      263.8936407   8  52
  1      263.8949583   5  53
  1      263.8953848   2  50
  1      263.8957608   8  51
  1      263.8964390   5  51
  1      263.8973210   9  50
  1      263.8974857  10  51
  1      263.8975170   4  50
  1      263.8977685   6  50
  1      263.8987665   1  53
  1      266.8808070   8  68
  1      266.8808888   7  66
  1      266.8809100   3  64
  1      266.8809325   1  73
  1      266.8810762   2  69
  1      266.8812643   5  65
  1      266.8812823   6  70
  1      266.8813005   4  66
* Gp# 1[3,7,1,2,8,6] x =     1651, y =    521.6, q = 0.5381 dT[    25,    51,   196,   356,   373] Src Amplitude = 64.0
*        266.8809100   3  64
*        266.8808888   7  66
*        266.8809325   1  73
*        266.8810762   2  69
*        266.8808070   8  68
*        266.8812823   6  70
  1      266.8813422  10  70
  1      266.8813550   9  71
  1      266.8897207   7  52
  1      266.8922152   7  51
  1      266.8933462   2  51
  1      266.8963703   8  52
  1      266.8968655   4  50
  1      266.8972298   2  51
  1      266.8975952   5  52
  1      266.8975967   9  50
  1      266.8983172  10  51
  1      266.8984767   4  50
  1      266.8988750   9  51
  1      266.8992350   1  50
  1      266.9002870  10  52
  1      270.0303610   8  70
  1      270.0304450   7  65
  1      270.0304648   3  64
  1      270.0304982   1  78
  1      270.0306313   2  69
  1      270.0308098   5  65
  1      270.0308128   4  65
  1      270.0308367  10  71
  1      270.0308390   6  71
  1      270.0308480   9  72
  1      270.0321315   3  51
* Gp# 1[7,3,1,6,5,4,10,9] x =     1905, y =    35.98, q = 0.9412 dT[    26,    60,   460,   471,   578,   797,   867] Src Amplitude = 65.0
*        270.0304450   7  65
*        270.0304648   3  64
*        270.0304982   1  78
*        270.0308390   6  71
*        270.0308098   5  65
*        270.0308128   4  65
*        270.0308367  10  71
*        270.0308480   9  72
  1      270.0408953   7  50
  1      270.0437592   2  50
  1      270.0461035   4  54
  1      270.0471578   5  52
  1      270.0480015   6  51
  1      270.0481547   9  51
  1      270.0491480   1  50
  1      270.0497565  10  51
  1      270.0517615  10  51
  1      347.4333650   1  53
  1      347.4345417  10  50
  1      350.0139295   8  68
  1      350.0140135   7  65
  1      350.0140355   3  63
  1      350.0140580   1  73
  1      350.0142015   2  67
  1      350.0144080   6  69
  1      350.0144237   5  65
  1      350.0144260   4  66
  1      350.0144687  10  71
* Gp# 1[7,3,1,2,6,4] x =     1867, y =    135.6, q = 0.9541 dT[    19,    53,   215,   453,   596] Src Amplitude = 65.0
*        350.0140135   7  65
*        350.0140355   3  63
*        350.0140580   1  73
*        350.0142015   2  67
*        350.0144080   6  69
*        350.0144260   4  66
  1      350.0144710   9  71
  1      350.0208613   7  54
  1      350.0256000   7  51
  1      350.0267622   2  50
  1      350.0286198   4  53
  1      350.0292803   6  52
  1      350.0295003   8  51
  1      350.0302085   9  53
  1      350.0303603   2  50
  1      350.0306345   6  52
  1      350.0307210   5  51
  1      350.0317340  10  50
  1      350.0317975   9  52
  1      350.0318020   1  52
  1      350.0334123  10  51
  1      350.0339638   6  50
  1      355.0877640   8  69
  1      355.0878475   7  65
  1      355.0878687   3  63
  1      355.0878973   2  67
  1      355.0879023   1  77
  1      355.0882265   6  70
  1      355.0882282   5  65
  1      355.0882780   9  71
  1      355.0882840   4  65
  1      355.0883038  10  72
  1      355.0895352   3  51
* Gp# 1[7,3,1,2,6,5,4,9,10] x =     1891, y =    104.6, q = 0.9687 dT[    18,    54,   209,   454,   464,   595,   693,   778] Src Amplitude = 65.0
*        355.0878475   7  65
*        355.0878687   3  63
*        355.0879023   1  77
*        355.0878973   2  67
*        355.0882265   6  70
*        355.0882282   5  65
*        355.0882840   4  65
*        355.0882780   9  71
  1      355.0948393   7  50
  1      355.0963302   7  52
  1      355.0986805   2  50
  1      355.0994340   7  51
  1      355.1008555   8  52
  1      355.1015392   4  53
  1      355.1019253   5  53
  1      355.1042453   1  53
  1      355.1042703   9  50
  1      355.1043685   4  52
  1      355.1049243   6  51
  1      355.1053075  10  50
* Gp# 1[9,1,4] x =     1661, y =     2040, q = 0 dT[    58,    98] Src Amplitude = 50.0
*        355.1042703   9  50
*        355.1042453   1  53
*        355.1043685   4  52
  1      355.1058080   9  52
  1      355.1262638   1  54
  1      355.1265880   8  52
  1      355.1266678   6  50
* Gp# 1[1,8,6] x =     2432, y =    878.2, q = 1 dT[   318,   387] Src Amplitude = 54.0
*        355.1262638   1  54
*        355.1265880   8  52
*        355.1266678   6  50
211      360.9203943		Time Mark
  1      365.0927620   8  74
  1      365.0928793   7  72
  1      365.0928857   1  76
  1      365.0929653   3  65
  1      365.0930727   2  73
  1      365.0931505   6  71
  1      365.0931795   5  70
  1      365.0933100  10  71
  1      365.0933422   4  67
* Gp# 1[8,3,2,6,5,10] x =     2118, y =   -8.263, q = 0.9588 dT[   171,   378,   512,   641,   934] Src Amplitude = 74.0
*        365.0927620   8  74
*        365.0929653   3  65
*        365.0930727   2  73
*        365.0931505   6  71
*        365.0931795   5  70
*        365.0933100  10  71
  1      365.0933560   9  72
  1      365.0971500   3  51
  1      365.1031238   3  51
  1      365.1060167   7  51
  1      365.1069700   2  54
  1      365.1075045   7  51
  1      365.1097828   2  52
  1      365.1108728   8  51
  1      365.1113947   2  51
  1      365.1121335   8  51
  1      365.1129485   5  51
  1      365.1132705   6  52
  1      365.1136977   8  52
  1      365.1144418   1  52
* Gp# 1[5,6,8] x =     1431, y =     1755, q = 1 dT[    94,   546] Src Amplitude = 51.0
*        365.1129485   5  51
*        365.1132705   6  52
*        365.1136977   8  52
  1      365.1157593   6  50
  1      365.1160385   4  50
  1      365.1163015   9  50
  1      365.1172450   1  51
  1      365.1181490   9  51
  1      368.6978238   8  72
  1      368.6979000   1  75
  1      368.6979457   7  69
  1      368.6980300   3  65
  1      368.6981370   2  71
  1      368.6982152   6  71
  1      368.6982557   5  68
  1      368.6983748  10  71
  1      368.6984405   4  66
  1      368.6984775   9  73
  1      368.7127565   2  52
* Gp# 1[8,3,2,6,5,4,9,10] x =     1997, y =   -37.59, q = 0.9232 dT[   176,   382,   515,   567,   734,   773,   942] Src Amplitude = 72.0
*        368.6978238   8  72
*        368.6980300   3  65
*        368.6981370   2  71
*        368.6982152   6  71
*        368.6982557   5  68
*        368.6984405   4  66
*        368.6984775   9  73
*        368.6983748  10  71
  1      368.7151525   2  50
  1      368.7161460   5  51
  1      368.7167368   4  53
  1      368.7175252   6  51
  1      368.7179213   9  51
  1      368.7179615   5  51
  1      368.7198553   9  51
  1      368.7202527   1  50
  1      373.4503062   8  70
  1      373.4504260   7  67
  1      373.4504627   1  73
  1      373.4505095   3  63
  1      373.4506170   2  67
  1      373.4507365   5  66
  1      373.4507395   6  69
  1      373.4509172   4  64
  1      373.4509243  10  70
  1      373.4509575   9  70
  1      373.4596405   7  52
* Gp# 1[8,7,3,6,5,4,9,10] x =     2108, y =    13.73, q = 0.9459 dT[   126,   165,   505,   557,   693,   739,   928] Src Amplitude = 70.0
*        373.4503062   8  70
*        373.4504260   7  67
*        373.4505095   3  63
*        373.4507395   6  69
*        373.4507365   5  66
*        373.4509172   4  64
*        373.4509575   9  70
*        373.4509243  10  70
  1      373.4625473   2  52
  1      373.4645310   8  53
  1      373.4658245   4  53
  1      373.4670868   8  51
  1      373.4679557   6  51
  1      373.4694892   9  51
  1      373.4702395  10  51
  1      373.4711555   1  52
  1      373.4732333   1  51
  1      376.4523628   8  68
  1      376.4525188   1  72
  1      376.4525478   7  66
  1      376.4525653   3  62
  1      376.4526785   2  67
  1      376.4528765   6  69
  1      376.4529233   5  65
* Gp# 1[8,3,2,6] x =     2076, y =    32.65, q = 0.9677 dT[   171,   389,   511] Src Amplitude = 68.0
*        376.4523628   8  68
*        376.4525653   3  62
*        376.4526785   2  67
*        376.4528765   6  69
  1      376.4529842  10  69
  1      376.4530178   9  69
  1      376.4530610   4  63
  1      376.4542385   3  53
  1      376.4594615   7  51
  1      376.4617010   7  51
  1      376.4634135   4  53
  1      376.4638213   2  51
  1      376.4649857   8  51
  1      376.4651560   2  50
  1      376.4669457   8  51
  1      376.4675905   6  51
  1      376.4685130   9  50
  1      376.4687950   4  51
  1      376.4697842  10  51
  1      376.4707668   1  51
  1      376.4732125   1  50
  1      379.8807572   8  69
  1      379.8809132   1  73
  1      379.8809417   7  66
  1      379.8809607   3  62
  1      379.8810727   2  68
  1      379.8812715   6  69
  1      379.8813182  10  69
  1      379.8813210   5  65
  1      379.8814085   9  70
  1      379.8814455   4  64
* Gp# 1[8,7,3,2,6,5,9,10] x =     2121, y =    28.97, q = 0.96 dT[   131,   167,   397,   506,   558,   763,   933] Src Amplitude = 69.0
*        379.8807572   8  69
*        379.8809417   7  66
*        379.8809607   3  62
*        379.8810727   2  68
*        379.8812715   6  69
*        379.8813210   5  65
*        379.8814085   9  70
*        379.8813182  10  69
  1      379.8900960   7  51
  1      379.8935623   2  52
  1      379.8956360   8  50
  1      379.8959030   4  53
  1      379.8965385   6  51
  1      379.8965620   5  51
  1      379.8980678   4  52
  1      379.8983095   9  51
  1      379.8984680   1  53
  1      379.8987198  10  51
  1      379.8987445   6  53
  1      379.9016070   1  50
  1      388.5458430   8  70
  1      388.5459995   1  72
  1      388.5460278   7  66
  1      388.5460468   3  62
  1      388.5461537   2  68
  1      388.5462730   5  65
  1      388.5462862   6  69
  1      388.5464642  10  68
  1      388.5464948   9  70
  1      388.5465625   4  65
* Gp# 1[8,7,3,2,6,5,9,10] x =     2148, y =    41.06, q = 0.9684 dT[   132,   172,   369,   511,   564,   770,   929] Src Amplitude = 70.0
*        388.5458430   8  70
*        388.5460278   7  66
*        388.5460468   3  62
*        388.5461537   2  68
*        388.5462862   6  69
*        388.5462730   5  65
*        388.5464948   9  70
*        388.5464642  10  68
  1      388.5551815   7  51
  1      388.5581245   8  54
  1      388.5586363   2  52
  1      388.5600735   8  51
  1      388.5609850   4  54
  1      388.5612322   1  55
  1      388.5614715   5  52
  1      388.5619845   9  52
  1      388.5622998   4  51
  1      388.5626238   8  50
  1      388.5634925   6  50
  1      388.5644515   1  51
  1      388.5648200  10  50
  1      388.5651760   9  51
211      394.0967900		Time Mark
130      401.4169313		Acquisition Paused
129      441.8038205		Acquisition Stopped
