128        0.0000000		Acquisition Running
 ID     SSSSSSSS.mmmuuun  CH AMP
  1       35.0033812   8  54
  1       35.7375780   8  86
  1       35.7377598   7  70
  1       35.7377727   1  72
  1       35.7379623   2  66
  1       35.7379850   3  60
  1       35.7382007  10  74
  1       35.7382075   9  68
  1       35.7382530   4  66
  1       35.7382675   6  67
  1       35.7383598   5  67
  1       35.7475017   7  52
  1       35.7517953   2  50
  1       35.7544920   9  51
  1       35.7546233   4  52
  1       35.7546353   6  52
  1       35.7556092   5  50
  1       35.7558370  10  53
  1       35.7560847   9  51
  1       35.7574833  10  50
  1       35.7582805   1  50
  1       35.7589203   8  71
  1       35.7600158   1  52
  1       41.4610682   8  85
  1       41.4612520   7  68
  1       41.4612595   1  69
  1       41.4614697   2  65
  1       41.4614750   3  58
  1       41.4616973   9  67
  1       41.4617122  10  70
  1       41.4617785   6  64
  1       41.4617788   4  64
  1       41.4618523   5  65
  1       41.4676883   7  51
  1       41.4709920   7  50
  1       41.4715282   2  50
  1       41.4728328   2  53
  1       41.4748728   4  50
  1       41.4754347   6  52
  1       41.4755878   5  52
  1       41.4769372   1  51
  1       41.4774667   9  50
  1       41.4781403   6  50
  1       41.4783790   4  50
  1       41.4789675  10  52
  1       41.4789705   1  50
  1       41.6458140   1  57
  1       41.6461160   9  55
  1       41.6464583  10  52
  1       41.6468002   6  50
  1       41.6481965   6  50
* Gp# 1[1,9,10] x =        0, y =     1350, q = 0 dT[   211,   319] Src Amplitude = 57.0
*         41.6458140   1  57
*         41.6461160   9  55
*         41.6464583  10  52
  1       41.6483658  10  52
  1       41.6493470   1  51
  1       41.6502128  10  50
  1       46.0101980   8  81
  1       46.0103820   7  66
  1       46.0104307   1  68
  1       46.0105978   2  61
  1       46.0106075   3  55
  1       46.0108768   4  61
  1       46.0109112   6  62
  1       46.0109165  10  68
  1       46.0109380   9  66
  1       46.0109890   5  63
  1       46.0144090   7  51
  1       46.0173858   2  50
  1       46.0192570   2  51
  1       46.0209215   8  51
  1       46.0211082   5  51
  1       46.0218645   4  51
  1       46.0221755   9  50
  1       46.0234595  10  51
  1       46.0242298   6  50
  1       46.0250545  10  50
  1       46.0270487  10  50
  1       46.1661100   1  58
  1       46.1662035   8  51
  1       46.1662718   2  52
  1       46.1667367   5  51
  1       46.1669390   4  50
  1       46.1670655   9  56
  1       46.1674558  10  56
* Gp# 1[8,2,4,5] x =    564.4, y =     -135, q = 0.8543 dT[   123,   736,   799] Src Amplitude = 51.0
*         46.1662035   8  51
*         46.1662718   2  52
*         46.1669390   4  50
*         46.1667367   5  51
  1       46.1678165   6  52
  1       46.1692343   4  52
  1       46.1692440   8  51
  1       46.1702088   5  51
  1       46.1702358   6  51
  1       46.1705015  10  51
  1       46.1708508   9  52
  1       46.1719835  10  50
  1       46.1725913   1  51
  1       50.7036525   8  84
  1       50.7038345   7  68
  1       50.7038432   1  70
  1       50.7040538   2  63
  1       50.7040585   3  57
  1       50.7043307  10  69
  1       50.7043405   6  65
  1       50.7043623   4  64
  1       50.7043915   9  67
  1       50.7044330   5  65
  1       50.7102720   7  51
  1       50.7135760   7  50
  1       50.7150700   2  53
  1       50.7178033   5  51
  1       50.7181618   6  53
  1       50.7183337   4  50
  1       50.7185317   1  52
  1       50.7196978   9  50
* Gp# 1[5,6,4] x =     2043, y =     1215, q = 0.8543 dT[   155,   163] Src Amplitude = 51.0
*         50.7178033   5  51
*         50.7181618   6  53
*         50.7183337   4  50
  1       50.7203085   1  51
  1       50.7215512  10  52
  1       50.7219472   1  50
  1       54.7685258   8  82
  1       54.7687100   7  66
  1       54.7687577   1  68
  1       54.7689278   2  63
  1       54.7689330   3  56
  1       54.7692365   6  63
  1       54.7692367   4  62
  1       54.7692403  10  69
  1       54.7693017   9  64
  1       54.7693127   5  63
  1       54.7741400   7  50
  1       54.7776703   2  52
  1       54.7783325   8  53
  1       54.7801323   4  51
  1       54.7803015   2  51
  1       54.7806553   5  51
  1       54.7819313  10  52
  1       54.7825525   6  51
  1       54.7833763   5  50
  1       54.7836827  10  54
  1       54.7836958   1  51
  1       54.9198917   1  56
  1       54.9200300   8  50
  1       54.9200423   2  51
  1       54.9205378   5  51
  1       54.9207710   6  53
* Gp# 1[1,8,2] x =    91.05, y =    566.5, q = 0.9995 dT[   133,   146] Src Amplitude = 56.0
*         54.9198917   1  56
*         54.9200300   8  50
*         54.9200423   2  51
  1       54.9208188   9  55
  1       54.9210515  10  54
  1       54.9212753   8  50
  1       54.9213315   1  55
  1       54.9216485   2  51
  1       54.9219577   4  50
  1       54.9236983   5  52
* Gp# 1[9,8,1] x =     1225, y =     1916, q = 0.9995 dT[   338,   549] Src Amplitude = 55.0
*         54.9208188   9  55
*         54.9212753   8  50
*         54.9213315   1  55
  1       54.9242367  10  51
  1       54.9254047   9  51
  1       54.9261732   1  52
  1       54.9267323   9  50
  1       78.6966288   1  51
  1       78.7002298   9  50
211      166.3635567		Time Mark
  1      190.0697140   8  80
  1      190.0698562   7  65
  1      190.0699000   1  71
  1      190.0700433   2  62
  1      190.0701480   3  55
  1      190.0703675  10  68
* Gp# 1[8,7,1,2] x =    274.8, y =    -64.8, q = 0.9971 dT[   126,   274,   312] Src Amplitude = 80.0
*        190.0697140   8  80
*        190.0698562   7  65
*        190.0699000   1  71
*        190.0700433   2  62
  1      190.0703970   4  62
  1      190.0704358   5  61
  1      190.0705058   9  66
  1      190.0705882   6  63
  1      190.0747595   7  51
* Gp# 1[4,9,5] x =    491.5, y =     2313, q = 0.9988 dT[   171,   187] Src Amplitude = 62.0
*        190.0703970   4  62
*        190.0705058   9  66
*        190.0704358   5  61
  1      190.0763325   7  51
  1      190.0779220   2  51
  1      190.0815365   4  52
  1      190.0817555   6  51
  1      190.0819790   5  52
  1      190.0829528   9  52
  1      190.0838890   6  51
  1      190.0852000   5  50
  1      190.0863203   1  51
  1      193.5394125   8  83
  1      193.5395550   7  67
  1      193.5395985   1  73
  1      193.5397422   2  64
  1      193.5398465   3  60
  1      193.5400518  10  70
* Gp# 1[8,7,1,2] x =    243.9, y =   -57.69, q = 0.9997 dT[   139,   274,   313] Src Amplitude = 83.0
*        193.5394125   8  83
*        193.5395550   7  67
*        193.5395985   1  73
*        193.5397422   2  64
  1      193.5400710   4  65
  1      193.5401040   5  64
  1      193.5401335   6  65
  1      193.5401362   9  70
  1      193.5473328   7  50
  1      193.5487048   7  50
  1      193.5528530   2  51
  1      193.5536710   6  53
  1      193.5545153   4  52
  1      193.5545775   8  51
  1      193.5553370   6  52
  1      193.5555577   5  51
  1      193.5571357   5  50
  1      193.5573858   9  50
  1      193.5576982  10  51
  1      196.8096518   8  82
  1      196.8097760   7  67
  1      196.8098010   1  71
  1      196.8099628   2  62
  1      196.8100675   3  57
  1      196.8102870  10  69
* Gp# 1[8,7,1,2] x =    274.6, y =   -64.24, q = 0.9968 dT[   126,   273,   312] Src Amplitude = 82.0
*        196.8096518   8  82
*        196.8097760   7  67
*        196.8098010   1  71
*        196.8099628   2  62
  1      196.8103028   4  64
  1      196.8103255   5  64
  1      196.8104258   9  68
  1      196.8104388   6  65
  1      196.8199958   8  52
  1      196.8202365   2  50
  1      196.8230793   2  50
  1      196.8239718   1  52
  1      196.8239935   4  51
  1      196.8241378   6  52
  1      196.8241418   5  51
  1      196.8258110  10  51
  1      196.8270080   1  51
  1      196.8271850  10  50
  1      196.8281270   9  50
  1      200.4941160   8  80
  1      200.4942575   7  67
  1      200.4942828   1  68
  1      200.4944455   2  61
  1      200.4945503   3  60
  1      200.4947638  10  67
* Gp# 1[8,7,1,2] x =    290.2, y =   -65.88, q = 0.9987 dT[   123,   275,   307] Src Amplitude = 80.0
*        200.4941160   8  80
*        200.4942575   7  67
*        200.4942828   1  68
*        200.4944455   2  61
  1      200.4947995   4  62
  1      200.4948078   5  63
  1      200.4948613   9  65
  1      200.4949318   6  63
  1      200.4992318   7  51
* Gp# 1[4,9,5,10] x =    419.4, y =     2331, q = 0.4589 dT[   120,   139,   308] Src Amplitude = 62.0
*        200.4947995   4  62
*        200.4948613   9  65
*        200.4948078   5  63
*        200.4947638  10  67
  1      200.5012000   7  50
  1      200.5023237   2  50
  1      200.5050498   4  51
  1      200.5054320   8  50
  1      200.5061578   6  52
  1      200.5067137   5  53
  1      200.5080463   9  52
  1      200.5086257   6  51
  1      200.5086295   1  51
  1      200.5096020   5  51
  1      200.5099180  10  50
  1      200.5105608   1  50
  1      203.7481865   8  82
  1      203.7483288   7  67
  1      203.7483565   1  72
  1      203.7485153   2  63
  1      203.7486205   3  57
  1      203.7488045   5  63
* Gp# 1[8,7,1,2] x =    283.7, y =   -72.74, q = 1 dT[   125,   286,   311] Src Amplitude = 82.0
*        203.7481865   8  82
*        203.7483288   7  67
*        203.7483565   1  72
*        203.7485153   2  63
  1      203.7488360  10  70
  1      203.7488560   4  65
  1      203.7489028   6  65
  1      203.7489090   9  68
  1      203.7561060   7  51
  1      203.7585485   8  53
  1      203.7616317   2  51
  1      203.7625058   6  53
  1      203.7626945   5  51
  1      203.7633510   8  51
  1      203.7652572   4  50
  1      203.7656187   9  51
  1      203.7657333  10  51
  1      204.2455770   1  55
  1      204.2469228   1  52
  1      204.2482790  10  50
  1      204.2496202   1  54
  1      204.2496755  10  50
  1      204.2514515   9  51
  1      204.2516620   1  52
  1      204.2530307   1  55
  1      204.2533960   9  50
  1      204.2544755  10  52
  1      204.2550503   9  50
  1      204.2567180  10  53
  1      204.2580300   9  52
  1      204.2590743  10  52
  1      204.2611318   9  51
  1      204.2617828  10  52
  1      204.2623772   9  51
  1      204.2638530  10  51
  1      204.2640780   9  51
  1      204.2646965   5  50
  1      204.2651015  10  51
  1      204.2655443   9  51
  1      204.2667865  10  51
  1      204.2670523   9  51
  1      204.2687400   9  51
  1      204.2693490  10  52
  1      204.2694833   6  51
  1      204.2701892   9  52
  1      204.2701900   1  53
  1      204.2721883   1  51
  1      204.2725072  10  51
  1      204.2750632   1  53
  1      204.2768670   1  51
  1      204.2770320  10  51
211      211.0521510		Time Mark
  1      223.1537915   8  75
  1      223.1538695   7  67
  1      223.1539700   1  69
  1      223.1540590   2  60
  1      223.1542157   3  59
  1      223.1544368   4  60
* Gp# 1[8,7,1] x =      362, y =     1277, q = 1 dT[    41,   275] Src Amplitude = 75.0
*        223.1537915   8  75
*        223.1538695   7  67
*        223.1539700   1  69
  1      223.1544783   5  60
  1      223.1545360   9  65
  1      223.1545615  10  66
  1      223.1545903   6  62
  1      223.1600953   2  53
  1      223.1641403   8  51
  1      223.1642572   5  50
  1      223.1649628   6  51
  1      223.1655945   5  51
  1      223.1656258  10  51
  1      223.1667250   9  52
  1      223.1670042   1  51
  1      223.1685125  10  51
  1      226.1247590   8  77
  1      226.1248380   7  69
  1      226.1249120   1  71
  1      226.1250293   2  62
  1      226.1251858   3  60
  1      226.1254013   4  62
  1      226.1254465   5  63
  1      226.1254775   6  63
  1      226.1255068   9  67
  1      226.1255283  10  67
  1      226.1293640   7  52
  1      226.1310345   7  50
  1      226.1348913   8  53
  1      226.1351150   2  51
  1      226.1377485   6  50
  1      226.1378252   5  52
  1      226.1378968   9  52
  1      226.1384102   4  51
  1      226.1389960   6  50
  1      226.1394610   1  52
  1      226.1396710   9  50
  1      226.1411705   6  50
  1      226.1412000   4  51
  1      226.1412503   1  50
* Gp# 1[6,4,1] x =     2426, y =     1704, q = 1 dT[    35,    80] Src Amplitude = 50.0
*        226.1411705   6  50
*        226.1412000   4  51
*        226.1412503   1  50
  1      229.2857868   8  78
  1      229.2858658   7  69
  1      229.2859380   1  72
  1      229.2860560   2  61
  1      229.2862067   3  61
  1      229.2864337   4  62
  1      229.2864683   5  63
* Gp# 1[8,7,2] x =    517.1, y =   -67.03, q = 1 dT[    43,   232] Src Amplitude = 78.0
*        229.2857868   8  78
*        229.2858658   7  69
*        229.2860560   2  61
  1      229.2864810  10  69
  1      229.2865075   6  65
  1      229.2865327   9  67
  1      229.2959335   2  51
  1      229.2965353   8  51
  1      229.2978640   4  51
  1      229.2988475   5  53
  1      229.2993240   6  52
  1      229.2999785   1  52
  1      229.3010608   5  51
  1      229.3019128   9  51
  1      229.3022262   4  51
  1      229.3022760   1  51
  1      237.2484563   8  78
  1      237.2485343   7  69
  1      237.2486080   1  72
  1      237.2487280   2  61
  1      237.2489112   3  61
  1      237.2491017   4  63
  1      237.2491372   5  62
  1      237.2491602   9  65
  1      237.2491615   6  66
  1      237.2492240  10  69
  1      237.2581463   2  50
* Gp# 1[9,5,10,6] x =     1864, y =     2728, q = 0 dT[    13,    81,   136] Src Amplitude = 65.0
*        237.2491602   9  65
*        237.2491372   5  62
*        237.2492240  10  69
*        237.2491615   6  66
  1      237.2592050   8  50
  1      237.2595443   2  51
  1      237.2607713   6  51
  1      237.2608953   4  51
  1      237.2618653   5  51
  1      237.2629895   6  53
  1      237.2630305   1  51
  1      237.2637247   5  51
  1      237.2643015   9  51
  1      237.2644603  10  52
  1      237.2649010   4  50
  1      237.2649505   1  51
  1      248.5108150   8  78
  1      248.5108933   7  69
  1      248.5109658   1  71
  1      248.5110835   2  62
  1      248.5112402   3  61
  1      248.5114553   4  62
  1      248.5114957   5  63
  1      248.5115310   6  65
  1      248.5115605   9  67
  1      248.5115820  10  69
  1      248.5211693   2  51
  1      248.5238068   6  50
  1      248.5238750   5  52
  1      248.5239510   9  52
  1      248.5244630   4  51
  1      248.5253485   6  53
  1      248.5253933   1  52
  1      248.5260885   5  50
  1      248.5269398   9  51
  1      248.5272245   6  50
  1      248.5272540   4  51
  1      248.5273037   1  51
  1      249.3405990   8  52
  1      251.8140618   1  51
  1      251.8154815   1  51
  1      251.8159582   9  50
  1      251.8170680   1  51
  1      251.8189613   9  50
  1      251.8195768   1  50
  1      251.8210740   1  51
  1      253.3027375   1  50
211      259.2447555		Time Mark
  1      270.3274585   8  76
  1      270.3274675   7  72
  1      270.3276060   1  73
  1      270.3276873   2  66
  1      270.3278055   3  59
  1      270.3278450   5  67
  1      270.3279872  10  68
* Gp# 1[7,8,2] x =    734.4, y =    -66.2, q = 1 dT[    45,   222] Src Amplitude = 72.0
*        270.3274675   7  72
*        270.3274585   8  76
*        270.3276873   2  66
  1      270.3280470   4  64
  1      270.3280740   9  67
  1      270.3281605   6  66
  1      270.3350507   7  51
  1      270.3400590   2  51
  1      270.3418443   8  53
  1      270.3437640   8  51
  1      270.3441262   6  52
  1      270.3441590   5  50
  1      270.3441982   4  51
  1      270.3450458  10  50
* Gp# 1[8,6,5,4] x =     1661, y =   -8.822, q = 0.4782 dT[   366,   495,   734] Src Amplitude = 51.0
*        270.3437640   8  51
*        270.3441262   6  52
*        270.3441590   5  50
*        270.3441982   4  51
  1      270.3451238   1  54
  1      270.3458420   9  50
  1      270.3466960  10  50
  1      270.3475465   1  51
  1      275.0907445   8  76
  1      275.0907558   7  72
  1      275.0908935   1  71
  1      275.0909762   2  65
  1      275.0911085   3  58
  1      275.0911382   5  67
  1      275.0913503  10  68
  1      275.0913597   4  65
  1      275.0913790   9  65
* Gp# 1[7,8,2,1] x =    750.3, y =   -71.49, q = 0.9947 dT[    45,   223,   306] Src Amplitude = 72.0
*        275.0907558   7  72
*        275.0907445   8  76
*        275.0909762   2  65
*        275.0908935   1  71
  1      275.0914425   6  65
  1      275.1015030   2  54
  1      275.1022292   8  51
  1      275.1032907   4  52
  1      275.1046123   6  51
  1      275.1049928   5  51
  1      275.1052780   9  52
  1      275.1054353   4  52
  1      275.1057378  10  54
  1      275.1061903   1  52
  1      275.1073133   9  51
  1      275.2572637   1  51
  1      280.3356220   8  74
  1      280.3356387   7  70
  1      280.3357932   1  69
  1      280.3358520   2  64
  1      280.3360115   5  62
  1      280.3361000   3  56
  1      280.3362455   4  63
  1      280.3362558   9  65
  1      280.3362720  10  67
* Gp# 1[7,8,2,1,5] x =    727.4, y =   -65.67, q = 0.9987 dT[    36,   209,   293,   631] Src Amplitude = 70.0
*        280.3356387   7  70
*        280.3356220   8  74
*        280.3358520   2  64
*        280.3357932   1  69
*        280.3360115   5  62
  1      280.3363180   6  64
  1      280.3408202   7  50
  1      280.3446012   2  51
  1      280.3469763   4  51
  1      280.3470330   8  50
  1      280.3487417   5  51
  1      280.3489578   6  53
  1      280.3505190   1  51
  1      280.3510775   6  50
  1      284.8604825   8  77
  1      284.8604992   7  73
  1      284.8606287   1  72
  1      284.8607135   2  66
  1      284.8608725   5  64
  1      284.8609502   3  59
  1      284.8610110  10  70
* Gp# 1[7,8,2,1,5] x =    727.9, y =   -66.37, q = 0.9987 dT[    36,   210,   294,   631] Src Amplitude = 73.0
*        284.8604992   7  73
*        284.8604825   8  77
*        284.8607135   2  66
*        284.8606287   1  72
*        284.8608725   5  64
  1      284.8610280   9  69
  1      284.8611067   4  64
  1      284.8611768   6  67
  1      284.8686965   7  51
* Gp# 1[4,9,10] x =      208, y =     2321, q = 1 dT[   106,   255] Src Amplitude = 64.0
*        284.8611067   4  64
*        284.8610280   9  69
*        284.8610110  10  70
  1      284.8753700   8  50
  1      284.8756695   4  52
  1      284.8759333   6  52
  1      284.8771987   5  51
* Gp# 1[8,4,6] x =    830.2, y =    114.5, q = 0.6846 dT[   367,   567] Src Amplitude = 50.0
*        284.8753700   8  50
*        284.8756695   4  52
*        284.8759333   6  52
  1      284.8773162   1  52
  1      284.8774588   9  52
  1      284.8779393   6  50
  1      284.8787865   1  51
* Gp# 1[5,1,9] x =    339.4, y =     1464, q = 0.6846 dT[   119,   276] Src Amplitude = 51.0
*        284.8771987   5  51
*        284.8773162   1  52
*        284.8774588   9  52
  1      290.2995680   8  77
  1      290.2995845   7  72
  1      290.2997380   1  72
  1      290.2997972   2  65
  1      290.2999562   5  63
  1      290.2999663   3  57
  1      290.3001117   9  66
  1      290.3001903   4  66
  1      290.3002118  10  68
* Gp# 1[7,8,2,1] x =    728.7, y =   -63.39, q = 0.9934 dT[    37,   209,   292] Src Amplitude = 72.0
*        290.2995845   7  72
*        290.2995680   8  77
*        290.2997972   2  65
*        290.2997380   1  72
  1      290.3002633   6  66
  1      290.3077810   7  51
  1      290.3102682   2  50
  1      290.3117575   8  52
  1      290.3134963   8  51
  1      290.3139605   4  51
  1      290.3149227   5  51
  1      290.3150180   6  52
  1      290.3165420  10  50
  1      290.3165685   9  51
  1      290.3169160   1  51
  1      290.3186115  10  50
* Gp# 1[9,10,1] x =     2413, y =     1287, q = 0.9934 dT[   137,   348] Src Amplitude = 51.0
*        290.3165685   9  51
*        290.3165420  10  50
*        290.3169160   1  51
  1      290.3186602   1  50
211      295.8692760		Time Mark
  1      299.1008110   7  62
  1      299.1008215   8  63
  1      299.1009055   2  59
  1      299.1009183   1  67
  1      299.1012775   9  62
  1      299.1012882   5  60
  1      299.1012998   4  60
* Gp# 1[7,8,1,9] x =    135.4, y =     2637, q = 0.9934 dT[   144,   352,   786] Src Amplitude = 62.0
*        299.1008110   7  62
*        299.1008215   8  63
*        299.1009183   1  67
*        299.1012775   9  62
  1      299.1013198   6  60
  1      299.1013463  10  62
  1      299.1013730   3  51
  1      299.1032405   7  52
  1      299.1051213   7  50
  1      299.1111307   8  50
  1      299.1111320   4  52
  1      299.1120400   5  51
  1      299.1124592   6  53
  1      299.1137950   6  51
  1      299.1140712  10  51
  1      299.1142090   1  51
  1      299.1151710   6  51
  1      299.1153065   9  51
  1      302.2156582   7  64
  1      302.2157425   8  65
  1      302.2158142   2  63
  1      302.2158360   1  70
  1      302.2158490   3  53
  1      302.2161582   9  65
* Gp# 1[7,8,1] x =     1372, y =     3987, q = 0.9934 dT[   143,   352] Src Amplitude = 64.0
*        302.2156582   7  64
*        302.2157425   8  65
*        302.2158360   1  70
  1      302.2161875   4  63
  1      302.2162088   5  62
  1      302.2162385  10  65
  1      302.2162408   6  63
  1      302.2231970   7  50
  1      302.2277850   8  51
  1      302.2277980   2  50
  1      302.2296152   5  52
  1      302.2300912   6  52
  1      302.2301248   4  51
  1      302.2310785   5  53
  1      302.2317587   1  51
  1      302.2332917   9  51
  1      302.2347165   1  52
  1      305.7645258   7  65
  1      305.7646095   8  66
  1      305.7646567   2  62
  1      305.7646747   1  69
  1      305.7647162   3  53
  1      305.7650523   4  63
* Gp# 1[7,8,1] x =      754, y =     5337, q = 0.9934 dT[   144,   352] Src Amplitude = 65.0
*        305.7645258   7  65
*        305.7646095   8  66
*        305.7646747   1  69
  1      305.7650653   9  65
  1      305.7650760   5  63
  1      305.7651055  10  65
  1      305.7651065   6  63
  1      305.7711805   7  51
  1      305.7727653   7  50
  1      305.7744768   7  50
  1      305.7748635   2  53
  1      305.7771863   8  50
  1      305.7789590   6  53
  1      305.7793000   5  51
  1      305.7803030   6  52
  1      305.7815098   8  50
  1      305.7817867   9  51
  1      305.7818008   1  51
  1      305.7833132  10  50
  1      305.7842733   1  50
  1      309.2899165   7  67
  1      309.2899973   8  68
  1      309.2900452   1  74
  1      309.2900470   2  64
  1      309.2901068   3  57
  1      309.2903420   6  66
  1      309.2904160   9  68
* Gp# 1[7,1,6] x =     1246, y =    188.6, q = 0.9852 dT[   341,   531] Src Amplitude = 67.0
*        309.2899165   7  67
*        309.2900452   1  74
*        309.2903420   6  66
  1      309.2904223   5  66
  1      309.2904400   4  68
  1      309.2904512  10  69
  1      309.2928250   3  52
  1      309.3039470   2  52
  1      309.3067593   8  53
  1      309.3071298   4  50
  1      309.3090065   6  50
  1      309.3096985   5  50
  1      309.3103745   8  51
  1      309.3104895   4  51
  1      309.3106863  10  51
* Gp# 1[8,4,10] x =     1033, y =    648.1, q = 1 dT[   115,   312] Src Amplitude = 51.0
*        309.3103745   8  51
*        309.3104895   4  51
*        309.3106863  10  51
  1      312.4981330   7  66
  1      312.4982170   8  67
  1      312.4982518   2  63
  1      312.4982820   1  70
  1      312.4983235   3  55
  1      312.4985972  10  66
* Gp# 1[7,8,1] x =     1023, y =     1998, q = 1 dT[   143,   352] Src Amplitude = 66.0
*        312.4981330   7  66
*        312.4982170   8  67
*        312.4982820   1  70
  1      312.4986595   4  63
  1      312.4986725   9  66
  1      312.4986835   5  63
  1      312.4987155   6  65
  1      312.5056712   7  51
  1      312.5078830   7  51
  1      312.5112405   8  51
  1      312.5120905   5  51
  1      312.5125625   6  54
  1      312.5131808   8  50
  1      312.5135573   5  53
  1      312.5139110   6  51
  1      312.5149437   9  51
  1      312.5155858   6  50
  1      312.5165857   9  51
  1      312.5169205  10  51
  1      312.5171962   1  52
211      319.8375695		Time Mark
  1      323.3790727   1  51
  1      323.3856027   1  51
  1      323.3878757   1  51
  1      323.3893893   9  51
  1      323.3900280   1  53
  1      323.3901108  10  51
  1      323.3916450   8  50
  1      323.3918718   1  52
  1      323.3924523  10  50
  1      323.3932848   9  51
  1      323.3935765   1  53
  1      323.3937108  10  51
  1      323.3946450   8  50
  1      323.3946810   9  52
  1      323.3952555  10  52
  1      323.3959033   6  50
* Gp# 1[8,9,10] x =     1970, y =     3348, q = 1 dT[    36,   903] Src Amplitude = 50.0
*        323.3946450   8  50
*        323.3946810   9  52
*        323.3952555  10  52
  1      323.3959297   1  61
  1      323.3968005   9  51
  1      323.3974808  10  52
  1      323.3984938   9  50
  1      323.3990180  10  53
  1      323.3991635   5  51
  1      323.3992405   4  50
  1      323.3998280   9  51
  1      323.3998732   6  50
  1      323.4003785   2  50
  1      323.4014173   8  51
  1      323.4014663   5  51
  1      323.4015617   9  52
  1      323.4016003   6  50
  1      323.4027395   2  50
  1      323.4036782  10  54
  1      323.4037032   8  51
  1      323.4038342   9  52
  1      323.4038580   5  51
  1      323.4040880   4  52
  1      323.4046500   6  51
  1      323.4054678   4  50
  1      323.4059668   6  52
  1      323.4062118   8  52
  1      323.4062192   5  51
  1      323.4063020   9  55
  1      323.4072340   4  50
  1      323.4080125   6  52
  1      323.4082153   5  51
  1      323.4083145   8  53
  1      323.4088478   2  51
  1      323.4097155   8  51
  1      323.4099160   6  51
  1      323.4100348   5  51
  1      323.4102562  10  53
  1      323.4102732   4  51
  1      323.4110432   2  51
  1      323.4113873   8  51
  1      323.4114293   6  50
  1      323.4118150   4  50
  1      323.4122162  10  58
  1      323.4126958   6  51
  1      323.4129420   2  51
  1      323.4129577   8  51
  1      323.4130995   5  50
  1      323.4131880   4  51
  1      323.4142337   6  50
* Gp# 1[6,2,8] x =    321.8, y =     2381, q = 1 dT[   246,   569] Src Amplitude = 51.0
*        323.4126958   6  51
*        323.4129420   2  51
*        323.4129577   8  51
  1      323.4147865   2  52
  1      323.4150568   8  51
  1      323.4152378   4  52
  1      323.4152785   5  52
  1      323.4158638   6  51
  1      323.4164823   8  51
* Gp# 1[8,4,2,5] x =     2076, y =    417.8, q = 0 dT[   177,   359,   473] Src Amplitude = 51.0
*        323.4150568   8  51
*        323.4152378   4  52
*        323.4147865   2  52
*        323.4152785   5  52
  1      323.4168947   4  51
  1      323.4169533   5  52
  1      323.4172715   2  51
  1      323.4173040   6  53
  1      323.4179623   8  50
  1      323.4181380   4  50
  1      323.4190567   2  51
  1      323.4191315   6  52
  1      323.4191960   5  52
  1      323.4196028   4  52
  1      323.4196253   8  54
  1      323.4208883   2  51
  1      323.4213965   6  52
  1      323.4214545   4  51
  1      323.4218962   5  53
  1      323.4220952   9  59
  1      323.4231572   2  52
  1      323.4231678   4  53
  1      323.4233322   6  50
  1      323.4236732   5  51
  1      323.4238580   8  51
  1      323.4246167   6  53
* Gp# 1[2,9,6] x =    830.4, y =     1851, q = 0 dT[    48,   175] Src Amplitude = 52.0
*        323.4231572   2  52
*        323.4220952   9  59
*        323.4233322   6  50
  1      323.4253355   2  52
  1      323.4254873   5  54
  1      323.4256210   8  50
  1      323.4258100   4  53
  1      323.4268207   5  51
  1      323.4270672   8  53
  1      323.4281698   4  51
  1      323.4282462   5  52
  1      323.4284078   2  53
  1      323.4284585   6  53
  1      323.4296740   4  53
  1      323.4297547   5  53
  1      323.4299150   2  53
  1      323.4318270   4  53
  1      323.4322910   2  52
  1      323.4324060   8  51
  1      323.4324640   6  53
  1      323.4340840   4  55
  1      323.4343167   5  57
  1      323.4344200   2  52
  1      323.4345820   8  56
  1      323.4358820   2  53
  1      323.4369438   6  55
  1      323.4377313   2  54
  1      323.4386852   4  53
  1      323.4394385   2  54
  1      323.4405048   4  55
  1      323.4407335   2  56
  1      323.4415150   7  51
  1      323.4423533   6  57
  1      323.4448992   7  50
  1      323.4458408   4  56
  1      323.4504340   6  55
  1      323.4584352   2  55
  1      323.4623015   7  50
  1      323.4672713   7  50
  1      323.4676950   2  54
  1      323.4724888   2  52
  1      323.4725745   4  54
  1      323.4741820   2  54
  1      323.4751802   4  55
  1      323.4769945   2  53
  1      323.4793052   7  50
  1      323.4806423   2  54
  1      323.4808015   5  53
  1      323.4827520   4  54
  1      323.4831777   2  54
  1      323.4837010   5  55
  1      323.4864162   2  54
  1      323.4881898   4  53
  1      323.4895088   4  54
  1      323.4896495   2  54
  1      323.4921132   4  54
  1      323.4921925   8  56
  1      323.4922007   5  54
  1      323.4923908   2  53
  1      323.4950672   2  51
* Gp# 1[5,4,8,2] x =     1929, y =     1807, q = 0 dT[   165,   266,   388] Src Amplitude = 54.0
*        323.4922007   5  54
*        323.4921132   4  54
*        323.4921925   8  56
*        323.4923908   2  53
  1      323.4959985   6  52
  1      323.4960960   4  53
  1      323.4965830   2  53
  1      323.4975437   8  53
  1      323.4984705   2  52
  1      323.4987362   4  52
  1      323.4988232   8  54
  1      323.4996827   6  55
  1      323.5004490   2  51
  1      323.5010145   4  51
  1      323.5016355   5  50
  1      323.5022810   2  52
  1      323.5025872   6  53
  1      323.5027687   4  52
  1      323.5030605   5  51
  1      323.5035947   2  51
  1      323.5042390   6  51
  1      323.5043500   5  51
  1      323.5049222   2  50
  1      323.5054600   4  52
* Gp# 1[6,5,2] x =     1875, y =     2177, q = 1 dT[   132,   451] Src Amplitude = 51.0
*        323.5042390   6  51
*        323.5043500   5  51
*        323.5049222   2  50
  1      323.5058252   6  52
  1      323.5061407   5  52
  1      323.5061970   2  51
  1      323.5064740   8  52
  1      323.5065940   9  55
* Gp# 1[6,5,2,8] x =     1872, y =     1665, q = 0.914 dT[   139,   195,   484] Src Amplitude = 52.0
*        323.5058252   6  52
*        323.5061407   5  52
*        323.5061970   2  51
*        323.5064740   8  52
  1      323.5076598   5  50
  1      323.5076858   2  50
  1      323.5083502   8  52
  1      323.5088033   6  53
* Gp# 1[5,9,2,8] x =    581.8, y =     2292, q = 0.798 dT[     8,    22,   763] Src Amplitude = 50.0
*        323.5076598   5  50
*        323.5065940   9  55
*        323.5076858   2  50
*        323.5083502   8  52
  1      323.5091445   5  50
  1      323.5091807   4  50
  1      323.5096352   9  55
  1      323.5100327   8  52
  1      323.5100928   2  50
  1      323.5104202   5  51
  1      323.5109743   4  52
  1      323.5112223   6  54
  1      323.5118410   8  51
  1      323.5119778   9  54
  1      323.5131993   4  51
  1      323.5133255  10  53
  1      323.5138900   5  51
  1      323.5141898   6  50
  1      323.5143008   8  51
  1      323.5149750   9  52
  1      323.5153925   2  51
* Gp# 1[5,6,8] x =     1539, y =     1423, q = 1 dT[    30,   330] Src Amplitude = 51.0
*        323.5138900   5  51
*        323.5141898   6  50
*        323.5143008   8  51
  1      323.5155235   5  51
  1      323.5158780   4  51
  1      323.5161298   8  51
  1      323.5164935   6  52
  1      323.5176130   5  52
* Gp# 1[4,5,8] x =    725.8, y =     1343, q = 1 dT[    30,   252] Src Amplitude = 51.0
*        323.5158780   4  51
*        323.5155235   5  51
*        323.5161298   8  51
  1      323.5177868  10  52
  1      323.5181825   6  53
  1      323.5185975   8  51
  1      323.5186690   9  52
  1      323.5190970   4  51
  1      323.5193413  10  53
  1      323.5195428   5  51
  1      323.5200140   8  50
  1      323.5201508   6  51
  1      323.5204085   4  51
  1      323.5206090   9  51
  1      323.5220412   1  55
  1      323.5220688   5  51
  1      323.5223487   9  52
  1      323.5229850  10  51
  1      323.5239280   9  51
* Gp# 1[1,5,9] x =     1272, y =     2693, q = 1 dT[    17,   301] Src Amplitude = 55.0
*        323.5220412   1  55
*        323.5220688   5  51
*        323.5223487   9  52
  1      323.5249788   1  52
  1      323.5251870  10  51
  1      323.5253645   9  50
  1      323.5264660   1  52
* Gp# 1[1,10,9] x =     1080, y =     4043, q = 1 dT[   160,   161] Src Amplitude = 52.0
*        323.5249788   1  52
*        323.5251870  10  51
*        323.5253645   9  50
  1      323.5266353   9  50
  1      323.5271328  10  51
  1      323.5280135   1  52
* Gp# 1[1,9,10] x =     2396, y =     5393, q = 1 dT[   169,   677] Src Amplitude = 52.0
*        323.5264660   1  52
*        323.5266353   9  50
*        323.5271328  10  51
  1      323.5282820   9  50
  1      323.5285955  10  51
  1      323.5288705   8  51
  1      323.5299310  10  50
* Gp# 1[9,1,8] x =    793.7, y =     6743, q = 1 dT[   245,   589] Src Amplitude = 50.0
*        323.5282820   9  50
*        323.5280135   1  52
*        323.5288705   8  51
  1      323.5304307   1  51
  1      323.5334947   9  50
  1      323.5383708   8  52
  1      323.5387890   1  50
  1      323.5398118  10  53
  1      323.5400788   1  53
  1      323.5401955   9  50
  1      323.5414672   9  51
  1      323.5415415  10  52
  1      323.5420285   6  50
  1      324.3282645   8  51
  1      328.0370673   7  79
  1      328.0371715   8  72
  1      328.0373885   1  69
  1      328.0373905   2  70
  1      328.0374088   3  54
  1      328.0377037   5  66
  1      328.0377742   4  65
  1      328.0377770   6  64
  1      328.0378030   9  67
  1      328.0378498  10  67
  1      328.0429638   7  52
  1      328.0452810   7  50
  1      328.0474448   8  53
  1      328.0495335   8  54
  1      328.0502193   6  51
  1      328.0502410   5  52
  1      328.0514463   4  51
  1      328.0521710  10  52
  1      328.0525293   6  51
  1      328.0525498   9  54
  1      328.0532508   1  53
  1      328.0535995  10  51
  1      328.0541705   9  51
  1      328.0553625   1  50
  1      328.0568177   9  51
  1      332.0280047   7  81
  1      332.0281110   8  75
  1      332.0283253   1  72
  1      332.0283293   2  72
  1      332.0283490   3  56
  1      332.0286438   5  68
  1      332.0287022   4  66
  1      332.0287145   6  66
* Gp# 1[7,2,3,4] x =     1238, y =   -69.91, q = 0.9994 dT[   320,   327,   747] Src Amplitude = 81.0
*        332.0280047   7  81
*        332.0283293   2  72
*        332.0283490   3  56
*        332.0287022   4  66
  1      332.0287437   9  70
  1      332.0287727  10  69
  1      332.0370095   7  51
  1      332.0397260   2  52
  1      332.0400070   7  50
  1      332.0422557   2  51
  1      332.0433753   4  51
  1      332.0440990   1  55
  1      332.0446698   8  51
  1      332.0447545   6  52
  1      332.0464320   5  51
  1      332.0467063   6  50
  1      332.0467425   1  50
  1      332.0477237  10  50
  1      332.0477535   9  52
  1      332.0492602   1  52
  1      332.0495070  10  50
  1      335.2751462   7  82
  1      335.2752522   8  75
  1      335.2754303   1  72
  1      335.2754708   2  72
  1      335.2754908   3  56
  1      335.2757845   5  68
  1      335.2758260   9  70
* Gp# 1[7,2,3] x =     1207, y =   -68.83, q = 0.9975 dT[   321,   329] Src Amplitude = 82.0
*        335.2751462   7  82
*        335.2754708   2  72
*        335.2754908   3  56
  1      335.2758437   4  68
  1      335.2758470   6  67
  1      335.2759307  10  70
  1      335.2775680   3  50
  1      335.2871477   7  52
  1      335.2893967   2  52
  1      335.2916585   4  52
  1      335.2918113   8  51
  1      335.2924035   6  51
  1      335.2931245   8  50
  1      335.2935625   5  53
  1      335.2946642   9  52
  1      335.2947250   1  52
  1      335.2951165  10  50
  1      335.2966437  10  51
  1      338.6087870   7  81
  1      338.6088932   8  74
  1      338.6091075   1  72
  1      338.6091115   2  71
  1      338.6091315   3  55
  1      338.6094587   5  68
  1      338.6094845   4  66
  1      338.6094970   6  66
* Gp# 1[7,2,3] x =     1207, y =   -68.83, q = 0.9975 dT[   321,   329] Src Amplitude = 81.0
*        338.6087870   7  81
*        338.6091115   2  71
*        338.6091315   3  55
  1      338.6095475   9  69
  1      338.6095687  10  68
  1      338.6172555   7  51
* Gp# 1[6,9,10] x =     2296, y =     2172, q = 1 dT[   164,   304] Src Amplitude = 66.0
*        338.6094970   6  66
*        338.6095475   9  69
*        338.6095687  10  68
  1      338.6205078   2  52
  1      338.6230385   2  50
  1      338.6235720   8  50
  1      338.6241667   4  50
  1      338.6249015   1  54
  1      338.6254523   8  50
  1      338.6255370   6  51
  1      338.6269633   9  51
  1      338.6272145   5  50
  1      338.6274937   6  50
  1      338.6285398   9  50
  1      338.6286965   1  50
  1      338.6292100  10  51
  1      338.6300422   1  51
  1      342.0076302   7  82
  1      342.0077345   8  75
  1      342.0079125   1  72
  1      342.0079533   2  71
  1      342.0079733   3  55
  1      342.0082710   5  68
  1      342.0083088   9  69
* Gp# 1[7,2,3] x =     1207, y =   -69.25, q = 0.9973 dT[   321,   329] Src Amplitude = 82.0
*        342.0076302   7  82
*        342.0079533   2  71
*        342.0079733   3  55
  1      342.0083262   4  67
  1      342.0083318   6  67
  1      342.0083892  10  69
  1      342.0193490   2  52
  1      342.0196305   7  51
  1      342.0218790   2  51
  1      342.0222645   8  50
  1      342.0230032   4  52
  1      342.0242940   8  50
  1      342.0248615   4  50
  1      342.0249025   6  51
  1      342.0256120   8  50
* Gp# 1[8,4,6] x =      439, y =   -11.09, q = 1 dT[   568,   609] Src Amplitude = 50.0
*        342.0242940   8  50
*        342.0248615   4  50
*        342.0249025   6  51
  1      342.0260558   5  51
  1      342.0263298   6  52
  1      342.0263607   1  51
  1      342.0271940  10  50
* Gp# 1[8,5,6] x =    830.4, y =   -67.09, q = 0.4393 dT[   444,   723] Src Amplitude = 50.0
*        342.0256120   8  50
*        342.0260558   5  51
*        342.0263298   6  52
  1      342.0274030   9  51
  1      342.0288835   1  51
  1      342.6767710   1  53
211      348.6059460		Time Mark
  1      351.9998177   7  77
  1      351.9998915   8  76
  1      352.0000988   1  77
  1      352.0001028   3  62
  1      352.0001517   2  71
  1      352.0004175   5  68
  1      352.0004840   6  68
* Gp# 1[7,8,3,2] x =     1479, y =   -59.87, q = 0.9998 dT[   143,   275,   326] Src Amplitude = 77.0
*        351.9998177   7  77
*        351.9998915   8  76
*        352.0001028   3  62
*        352.0001517   2  71
  1      352.0005275   4  65
  1      352.0005377  10  72
  1      352.0005478   9  71
  1      352.0086755   7  51
* Gp# 1[4,10,9] x =    846.4, y =     2466, q = 1 dT[     3,    99] Src Amplitude = 65.0
*        352.0005275   4  65
*        352.0005377  10  72
*        352.0005478   9  71
  1      352.0105893   7  51
  1      352.0148990   8  53
  1      352.0156088   5  55
  1      352.0162908   4  51
  1      352.0176585   5  50
  1      352.0177097   6  51
  1      352.0181872  10  52
  1      352.0191498   1  50
  1      352.0193410   4  50
  1      352.0196040  10  51
  1      352.0199343   9  51
  1      352.0211772   1  51
  1      355.3130055   7  76
  1      355.3130820   8  75
  1      355.3132895   1  76
  1      355.3132933   3  62
  1      355.3133423   2  71
  1      355.3136080   5  67
  1      355.3136748   6  67
* Gp# 1[7,8,3,2] x =     1491, y =   -58.13, q = 1 dT[   140,   272,   323] Src Amplitude = 76.0
*        355.3130055   7  76
*        355.3130820   8  75
*        355.3132933   3  62
*        355.3133423   2  71
  1      355.3137178   4  64
  1      355.3137280  10  71
  1      355.3137382   9  70
  1      355.3218657   7  51
* Gp# 1[10,4,9] x =    845.7, y =     2498, q = 1 dT[    11,    96] Src Amplitude = 71.0
*        355.3137280  10  71
*        355.3137178   4  64
*        355.3137382   9  70
  1      355.3238578   7  50
  1      355.3280895   8  53
  1      355.3287997   5  54
  1      355.3294810   4  50
  1      355.3302083   6  50
  1      355.3305228   1  53
  1      355.3308487   5  50
  1      355.3313778  10  51
  1      355.3315983   6  52
  1      355.3323353   1  50
  1      355.3325310   4  50
  1      355.3327943  10  50
  1      355.3331248   9  51
  1      355.3343728   1  50
  1      358.3674345   7  77
  1      358.3675108   8  75
  1      358.3677183   1  76
  1      358.3677222   3  63
  1      358.3677715   2  71
  1      358.3680370   5  67
  1      358.3681035   6  67
* Gp# 1[7,8,3,2] x =     1492, y =   -58.35, q = 1 dT[   139,   272,   323] Src Amplitude = 77.0
*        358.3674345   7  77
*        358.3675108   8  75
*        358.3677222   3  63
*        358.3677715   2  71
  1      358.3681470   4  65
  1      358.3681568  10  73
  1      358.3681638   9  70
  1      358.3762953   7  50
  1      358.3804167   2  50
  1      358.3825503   8  52
  1      358.3835230   5  51
  1      358.3841518   9  54
  1      358.3848448   4  51
  1      358.3858523  10  51
  1      358.3860330   6  51
  1      358.3875545   9  50
  1      361.5866562   7  78
  1      361.5867328   8  77
  1      361.5869378   1  78
  1      361.5869420   3  62
  1      361.5869915   2  71
  1      361.5872563   5  68
  1      361.5873163   6  69
* Gp# 1[7,8,3,2] x =     1479, y =   -60.44, q = 0.9998 dT[   143,   276,   326] Src Amplitude = 78.0
*        361.5866562   7  78
*        361.5867328   8  77
*        361.5869420   3  62
*        361.5869915   2  71
  1      361.5873663   4  67
  1      361.5873765  10  73
  1      361.5873833   9  70
  1      361.5964707   7  51
  1      361.5977722   7  52
  1      361.6014610   2  51
  1      361.6026842   5  53
  1      361.6035050   4  51
  1      361.6040357   8  51
  1      361.6044135   6  51
  1      361.6049435   4  50
  1      361.6052940   5  51
  1      361.6063730   1  51
  1      361.6064050   6  50
  1      361.6064748   9  50
  1      361.6066553   4  50
  1      361.6080152   1  52
  1      361.6082303   9  50
  1      361.6096028   1  50
  1      375.7163185   7  78
  1      375.7163950   8  77
  1      375.7165990   1  78
  1      375.7166065   3  63
  1      375.7166560   2  72
  1      375.7169175   5  69
  1      375.7169850   6  69
* Gp# 1[7,8,3,2] x =     1494, y =   -59.02, q = 1 dT[   139,   272,   324] Src Amplitude = 78.0
*        375.7163185   7  78
*        375.7163950   8  77
*        375.7166065   3  63
*        375.7166560   2  72
  1      375.7170307   4  67
  1      375.7170405  10  74
  1      375.7170475   9  71
  1      375.7270860   7  52
  1      375.7308868   2  50
  1      375.7329337   4  51
  1      375.7337005   8  51
  1      375.7345482   4  51
  1      375.7349540   5  51
  1      375.7360805   6  51
  1      375.7363195   4  50
  1      375.7370588   9  51
  1      375.7372732  10  50
  1      375.7385255  10  51
  1      375.7391660   9  50
  1      375.7392625   1  51
  1      375.7398367  10  50
211      381.9328443		Time Mark
  1      389.4779967   3  67
  1      389.4781375   2  65
  1      389.4782015   1  75
  1      389.4782042   7  60
  1      389.4783397   8  63
  1      389.4783965   6  66
  1      389.4784035   5  65
  1      389.4784213   9  66
  1      389.4784950   4  65
  1      389.4784955  10  68
  1      389.4800835   3  52
* Gp# 1[6,4,8] x =     2361, y =     1919, q = 1 dT[    76,   553] Src Amplitude = 66.0
*        389.4783965   6  66
*        389.4784950   4  65
*        389.4783397   8  63
  1      389.4891320   7  52
  1      389.4909485   7  51
  1      389.4921705   2  51
  1      389.4923480   7  51
  1      389.4923538   8  51
  1      389.4928963   4  52
  1      389.4929555   5  51
  1      389.4934030  10  52
* Gp# 1[2,8,7] x =    607.5, y =    598.1, q = 1 dT[   182,   188] Src Amplitude = 51.0
*        389.4921705   2  51
*        389.4923538   8  51
*        389.4923480   7  51
  1      389.4941543   8  50
  1      389.4943753   4  53
  1      389.4948233   5  50
  1      389.4948665  10  52
* Gp# 1[8,4,5] x =    400.3, y =   -52.29, q = 0.9999 dT[   624,   669] Src Amplitude = 50.0
*        389.4941543   8  50
*        389.4943753   4  53
*        389.4948233   5  50
  1      389.4960490   9  51
  1      389.4964048   5  51
  1      389.4970323   6  51
  1      389.4981113  10  51
  1      389.4995830   1  50
  1      389.7824293   1  50
  1      389.7832265  10  50
  1      389.7847233  10  51
  1      389.7855983   1  50
  1      389.7885875  10  51
  1      389.7890137   1  51
  1      389.7903135   1  50
  1      389.7915775   1  51
  1      389.7917940   9  50
  1      389.7935433   1  53
  1      389.7940705  10  50
  1      389.7952570   1  50
  1      389.7967385  10  52
  1      389.7967898   9  51
  1      389.7969900   1  50
  1      389.7985215  10  51
* Gp# 1[10,9,1] x =     1757, y =     1298, q = 0.9999 dT[    51,   550] Src Amplitude = 52.0
*        389.7967385  10  52
*        389.7967898   9  51
*        389.7969900   1  50
  1      389.7988415   1  51
  1      389.7990193   9  50
  1      389.8008335   1  50
  1      389.8009368   5  50
  1      389.8010463  10  50
  1      389.8013338   9  52
  1      389.8022130   1  51
* Gp# 1[1,5,10,9] x =     1441, y =     2648, q = 0.9999 dT[   103,   213,   504] Src Amplitude = 50.0
*        389.8008335   1  50
*        389.8009368   5  50
*        389.8010463  10  50
*        389.8013338   9  52
  1      389.8023993  10  53
  1      389.8026053   9  50
  1      389.8036558   1  53
* Gp# 1[1,9,10] x =    750.4, y =     3998, q = 0.9999 dT[   392,   613] Src Amplitude = 51.0
*        389.8022130   1  51
*        389.8026053   9  50
*        389.8023993  10  53
  1      389.8039748   9  52
  1      389.8049245  10  51
  1      389.8050113   1  52
  1      389.8053460   4  52
  1      389.8060480   9  50
  1      389.8067587   5  50
  1      389.8068360  10  51
  1      389.8075035   1  54
  1      389.8085935   6  50
  1      389.8086525  10  53
  1      389.8092570   9  51
  1      389.8095915   8  50
  1      389.8104227  10  50
  1      389.8115025   9  50
  1      389.8116855  10  51
  1      389.8126148   1  53
  1      389.8131650  10  50
  1      389.8133075   9  51
  1      389.8148538   6  52
  1      389.8149663  10  50
  1      389.8157275   9  52
  1      389.8160358   4  50
  1      389.8163697  10  53
  1      389.8168123   5  50
  1      389.8174237   6  52
  1      389.8174428   9  50
  1      389.8184392  10  52
  1      389.8193425   8  50
  1      389.8194787   9  50
  1      389.8198600   1  53
  1      389.8201772   4  50
  1      389.8203077  10  53
  1      389.8212818   9  50
  1      389.8222790  10  51
  1      389.8224638   5  50
  1      389.8227842   9  52
  1      389.8231123   6  51
  1      389.8239388  10  51
  1      389.8243478   9  52
  1      389.8246070   1  54
  1      389.8256748  10  52
  1      389.8260015   9  52
  1      389.8271598   5  50
  1      389.8272380   6  50
  1      389.8284385   9  53
  1      389.8284718   6  52
  1      389.8288760  10  52
  1      389.8290840   8  50
  1      389.8303178   9  52
* Gp# 1[6,9,8] x =    54.04, y =     2191, q = 1 dT[    75,   600] Src Amplitude = 52.0
*        389.8284718   6  52
*        389.8284385   9  53
*        389.8290840   8  50
  1      389.8304973   6  50
  1      389.8310858   1  52
  1      389.8317042  10  52
  1      389.8318975   6  50
  1      389.8325678   5  50
  1      389.8326310   9  53
  1      389.8328558   1  53
  1      389.8334770  10  52
  1      389.8346785   1  53
  1      389.8350433   9  50
  1      389.8352745   6  51
  1      389.8356008  10  52
  1      389.8364510   1  54
* Gp# 1[1,6,9,10] x =    12.73, y =     1262, q = 0.9694 dT[   208,   368,   527] Src Amplitude = 53.0
*        389.8346785   1  53
*        389.8352745   6  51
*        389.8350433   9  50
*        389.8356008  10  52
  1      389.8371302   9  51
  1      389.8375368  10  53
  1      389.8384982   6  51
* Gp# 1[1,9,10] x =    65.99, y =     2612, q = 0.9694 dT[   297,   708] Src Amplitude = 54.0
*        389.8364510   1  54
*        389.8371302   9  51
*        389.8375368  10  53
  1      389.8385472   9  51
  1      389.8402005  10  50
  1      389.8402072   9  51
  1      389.8405502   8  51
  1      389.8407800   5  51
  1      389.8408070   1  57
  1      389.8416650   9  53
* Gp# 1[10,9,8] x =     1252, y =     3962, q = 0.9694 dT[     7,   350] Src Amplitude = 50.0
*        389.8402005  10  50
*        389.8402072   9  51
*        389.8405502   8  51
  1      389.8416750  10  52
  1      389.8426990   6  52
  1      389.8433855   5  51
  1      389.8440215   6  51
  1      389.8441282  10  52
  1      389.8442703   8  50
  1      389.8449975   9  52
  1      389.8453105   4  50
  1      389.8454483  10  55
  1      389.8469698   9  51
  1      389.8469920   6  51
  1      389.8483422   9  51
  1      389.8485473   4  51
  1      389.8487493   6  50
  1      389.8494672  10  50
  1      389.8499488   9  51
  1      389.8501127   4  50
  1      389.8501397   8  51
  1      389.8504828   6  51
  1      389.8507005   5  51
  1      389.8507383  10  53
* Gp# 1[9,4,8] x =     1661, y =     1787, q = 0 dT[   164,   191] Src Amplitude = 51.0
*        389.8499488   9  51
*        389.8501127   4  50
*        389.8501397   8  51
  1      389.8517215   9  52
  1      389.8527598   8  51
  1      389.8532085  10  53
  1      389.8532390   9  54
  1      389.8543155   5  50
  1      389.8544943   6  51
  1      389.8548625   9  52
  1      389.8550315   2  50
  1      389.8550418  10  53
  1      389.8551540   8  51
  1      389.8560078   6  50
* Gp# 1[6,2,8] x =     2076, y =     1587, q = 0.9987 dT[   277,   400] Src Amplitude = 51.0
*        389.8544943   6  51
*        389.8550315   2  50
*        389.8551540   8  51
  1      389.8566305   5  52
  1      389.8570600   2  52
  1      389.8577153   9  51
  1      389.8577835   6  52
  1      389.8578215   4  51
  1      389.8587162   5  51
  1      389.8591467   9  51
* Gp# 1[6,9,4] x =     2411, y =     2383, q = 0.9931 dT[    32,    38] Src Amplitude = 52.0
*        389.8577835   6  52
*        389.8577153   9  51
*        389.8578215   4  51
  1      389.8594520  10  53
  1      389.8594955   6  51
  1      389.8597463   2  51
  1      389.8599033   4  50
  1      389.8604252   8  50
  1      389.8604340   5  50
  1      389.8604380   9  51
  1      389.8612137   2  52
  1      389.8615028   6  52
  1      389.8618823   5  50
* Gp# 1[8,5,9] x =     1943, y =     3733, q = 0.9931 dT[     9,    90] Src Amplitude = 50.0
*        389.8604252   8  50
*        389.8604340   5  50
*        389.8604380   9  51
  1      389.8622270  10  56
  1      389.8624635   9  53
  1      389.8627870   2  51
  1      389.8629435   6  51
  1      389.8632450   8  50
  1      389.8633132   4  51
  1      389.8637695   9  51
  1      389.8642142   5  53
  1      389.8652563   6  52
  1      389.8654850   8  50
  1      389.8658910   9  52
  1      389.8663388   2  50
  1      389.8665678   5  51
  1      389.8677758   9  54
  1      389.8678028  10  52
  1      389.8678510   2  51
  1      389.8681565   4  53
  1      389.8686017   5  51
  1      389.8689627   6  50
* Gp# 1[9,10,2] x =    508.6, y =     2045, q = 1 dT[    36,    71] Src Amplitude = 54.0
*        389.8677758   9  54
*        389.8678028  10  52
*        389.8678510   2  51
  1      389.8691920  10  54
  1      389.8692910   8  50
  1      389.8706553   8  51
  1      389.8708858   9  51
  1      389.8709165   6  53
  1      389.8709338   5  50
  1      389.8710270   4  50
  1      389.8721480   2  50
* Gp# 1[8,5,6,4,9] x =     1478, y =    277.6, q = 0.9191 dT[   279,   341,   372,   532] Src Amplitude = 51.0
*        389.8706553   8  51
*        389.8709338   5  50
*        389.8709165   6  53
*        389.8710270   4  50
*        389.8708858   9  51
  1      389.8725243   4  51
  1      389.8725540   5  51
  1      389.8725588   9  54
  1      389.8733980  10  54
* Gp# 1[2,5,9] x =   0.3566, y =     1106, q = 0 dT[   270,   275] Src Amplitude = 50.0
*        389.8721480   2  50
*        389.8725540   5  51
*        389.8725588   9  54
  1      389.8737033   6  51
  1      389.8743123   5  51
  1      389.8744340   9  52
  1      389.8753540   8  51
  1      389.8753962   6  50
  1      389.8759240   9  54
  1      389.8763513   4  50
  1      389.8766395  10  54
  1      389.8768175   6  51
  1      389.8769962   5  51
  1      389.8785262   9  52
  1      389.8787772   6  51
  1      389.8792247   5  50
  1      389.8797227   4  52
  1      389.8797480   8  51
  1      389.8803013   6  53
* Gp# 1[6,5,8] x =     1997, y =     2181, q = 1 dT[   206,   729] Src Amplitude = 51.0
*        389.8787772   6  51
*        389.8792247   5  50
*        389.8797480   8  51
  1      389.8807963  10  53
  1      389.8815318   5  51
  1      389.8824330   4  51
  1      389.8828337   9  53
  1      389.8831437   5  50
  1      389.8833588  10  56
  1      389.8837080   4  51
  1      389.8837870   2  51
  1      389.8840917   8  50
  1      389.8847197   9  53
* Gp# 1[4,2,8] x =    348.4, y =     1575, q = 1 dT[    75,   380] Src Amplitude = 51.0
*        389.8837080   4  51
*        389.8837870   2  51
*        389.8840917   8  50
  1      389.8848035   6  51
  1      389.8852415   5  50
  1      389.8854847   8  52
  1      389.8866990   5  53
* Gp# 1[6,5,8] x =     1911, y =     1894, q = 1 dT[   134,   586] Src Amplitude = 51.0
*        389.8848035   6  51
*        389.8852415   5  50
*        389.8854847   8  52
  1      389.8870235   6  52
  1      389.8872738   4  51
  1      389.8873820   9  54
  1      389.8879855   5  52
  1      389.8880040   2  51
  1      389.8882498   8  51
  1      389.8887865   4  51
* Gp# 1[5,2,8] x =     2487, y =     1893, q = 1 dT[     9,   258] Src Amplitude = 52.0
*        389.8879855   5  52
*        389.8880040   2  51
*        389.8882498   8  51
  1      389.8888207   6  51
  1      389.8897285   5  50
  1      389.8903135   2  51
  1      389.8905135   6  51
  1      389.8908495   8  50
  1      389.8909755   5  52
  1      389.8916330   2  51
  1      389.8919428   6  53
  1      389.8923570   4  50
  1      389.8935520   5  52
  1      389.8936187   6  52
  1      389.8937272   8  50
  1      389.8938935   4  51
  1      389.8945938   2  51
  1      389.8952460   4  50
* Gp# 1[6,8,5] x =    0.355, y =     1182, q = 0.9933 dT[   109,   175] Src Amplitude = 52.0
*        389.8936187   6  52
*        389.8937272   8  50
*        389.8935520   5  52
  1      389.8954680   8  52
  1      389.8956217   5  53
  1      389.8960118   6  53
  1      389.8967123   8  51
  1      389.8973037   4  51
  1      389.8973880   6  50
  1      389.8974073   2  51
  1      389.8979483   5  53
* Gp# 1[8,4,6] x =    830.3, y =   -97.19, q = 0.9638 dT[   592,   676] Src Amplitude = 51.0
*        389.8967123   8  51
*        389.8973037   4  51
*        389.8973880   6  50
  1      389.8981655   8  52
  1      389.8987682   4  50
  1      389.8989275   9  53
  1      389.8989555   6  53
  1      389.8994010   5  50
  1      389.9004525   8  50
  1      389.9007158   4  50
  1      389.9015045   6  52
* Gp# 1[5,6,8] x =     1294, y =     2136, q = 1 dT[   228,   795] Src Amplitude = 50.0
*        389.8994010   5  50
*        389.8989555   6  53
*        389.9004525   8  50
  1      389.9016245   5  51
  1      389.9017580   2  51
  1      389.9022998   4  51
  1      389.9028897   5  51
* Gp# 1[6,5,2] x =     1696, y =     1623, q = 1 dT[    21,   155] Src Amplitude = 52.0
*        389.9015045   6  52
*        389.9016245   5  51
*        389.9017580   2  51
  1      389.9029840   9  50
  1      389.9031323   6  51
  1      389.9044495   2  51
* Gp# 1[5,6,9] x =     1385, y =     2323, q = 1 dT[   158,   280] Src Amplitude = 51.0
*        389.9028897   5  51
*        389.9031323   6  51
*        389.9029840   9  50
  1      389.9045370   6  51
  1      389.9045540   4  50
  1      389.9046277   9  52
  1      389.9049582   5  50
  1      389.9051995   8  51
  1      389.9063090   5  51
* Gp# 1[2,6,9] x =     1588, y =    908.5, q = 0.8438 dT[    88,   525] Src Amplitude = 51.0
*        389.9044495   2  51
*        389.9045370   6  51
*        389.9046277   9  52
  1      389.9064815   8  50
  1      389.9065620   2  50
  1      389.9066092   4  52
  1      389.9066700   6  50
  1      389.9070757   9  54
  1      389.9080578   5  53
* Gp# 1[5,8,2] x =     2076, y =     1612, q = 0 dT[   173,   253] Src Amplitude = 51.0
*        389.9063090   5  51
*        389.9064815   8  50
*        389.9065620   2  50
  1      389.9081572  10  54
  1      389.9082937   8  50
  1      389.9085172   2  51
  1      389.9085995   4  51
  1      389.9094622   5  51
* Gp# 1[5,10,8] x =    862.1, y =     2962, q = 0 dT[   100,   226] Src Amplitude = 53.0
*        389.9080578   5  53
*        389.9081572  10  54
*        389.9082937   8  50
  1      389.9098363   6  51
  1      389.9105925   4  50
  1      389.9108508   8  50
  1      389.9111945   5  52
  1      389.9118398   6  51
  1      389.9126035   2  50
  1      389.9130037   8  51
  1      389.9130788   5  51
  1      389.9131147   9  53
  1      389.9134778  10  54
* Gp# 1[8,5,9] x =    526.2, y =     4312, q = 0 dT[    75,   470] Src Amplitude = 51.0
*        389.9130037   8  51
*        389.9130788   5  51
*        389.9131147   9  53
  1      389.9139575   4  50
  1      389.9146212   6  51
  1      389.9149327   9  51
  1      389.9150385   8  51
  1      389.9160978   6  50
  1      389.9162243   4  51
  1      389.9164225   9  54
  1      389.9169595   5  52
  1      389.9171733   2  50
  1      389.9173325   6  52
  1      389.9188980   2  51
* Gp# 1[5,2,9] x =     1151, y =     1853, q = 1 dT[   214,   365] Src Amplitude = 52.0
*        389.9169595   5  52
*        389.9171733   2  50
*        389.9164225   9  54
  1      389.9189160   4  51
  1      389.9194342   6  50
  1      389.9194710   9  54
  1      389.9196187   5  52
  1      389.9199675  10  53
* Gp# 1[2,4,6] x =    830.3, y =    993.7, q = 0.9116 dT[   333,   531] Src Amplitude = 51.0
*        389.9188980   2  51
*        389.9189160   4  51
*        389.9194342   6  50
  1      389.9209815   4  50
  1      389.9212723   8  50
  1      389.9217495   6  51
  1      389.9232477   6  50
* Gp# 1[10,4,8] x =     1661, y =     1920, q = 0.9953 dT[    83,   374] Src Amplitude = 53.0
*        389.9199675  10  53
*        389.9209815   4  50
*        389.9212723   8  50
  1      389.9238215   5  51
  1      389.9238825   8  51
  1      389.9241833  10  56
  1      389.9246903   6  51
  1      389.9247727   9  51
  1      389.9248105   4  50
  1      389.9251640   5  52
  1      389.9259758   8  50
* Gp# 1[6,9,4] x =     2256, y =     2369, q = 1 dT[    83,   120] Src Amplitude = 51.0
*        389.9246903   6  51
*        389.9247727   9  51
*        389.9248105   4  50
  1      389.9265285   9  54
  1      389.9267342   6  52
  1      389.9267767   5  52
  1      389.9272170   4  50
  1      389.9283010   8  51
  1      389.9296098   6  52
  1      389.9297863   9  52
  1      389.9300805   5  51
  1      389.9305560   8  51
  1      389.9315527   9  54
  1      389.9317208   4  50
  1      389.9319077   2  51
  1      389.9320578   8  51
  1      389.9320880   6  52
  1      389.9339585   2  50
* Gp# 1[4,2,8] x =     2076, y =     1763, q = 0.9998 dT[   187,   337] Src Amplitude = 50.0
*        389.9317208   4  50
*        389.9319077   2  51
*        389.9320578   8  51
  1      389.9339993   6  50
  1      389.9340095   9  51
  1      389.9342893   5  51
  1      389.9343150   4  51
  1      389.9352620   6  53
* Gp# 1[2,6,9,4] x =     1661, y =     1117, q = 0.6903 dT[    41,   290,   357] Src Amplitude = 50.0
*        389.9339585   2  50
*        389.9339993   6  50
*        389.9340095   9  51
*        389.9343150   4  51
  1      389.9358130   4  51
  1      389.9361012   5  53
  1      389.9361965   9  53
  1      389.9365067   6  51
  1      389.9374860   8  53
  1      389.9375665  10  51
* Gp# 1[9,6,8] x =     1883, y =     2811, q = 0.9759 dT[    82,   957] Src Amplitude = 53.0
*        389.9361965   9  53
*        389.9365067   6  51
*        389.9374860   8  53
  1      389.9377098   5  52
  1      389.9378260   2  50
  1      389.9384925   6  51
  1      389.9390618   9  53
  1      389.9391083  10  54
  1      389.9392140   8  51
  1      389.9399798   5  50
  1      389.9403658   6  52
* Gp# 1[8,9,10,5] x =     1906, y =     4161, q = 0.9759 dT[   245,   757,   770] Src Amplitude = 51.0
*        389.9392140   8  51
*        389.9390618   9  53
*        389.9391083  10  54
*        389.9399798   5  50
  1      389.9405903   8  50
  1      389.9408165   4  50
  1      389.9416265   5  50
  1      389.9425040   6  51
  1      389.9432770   8  51
  1      389.9434627   5  51
  1      389.9435325   4  52
  1      389.9437623  10  52
  1      389.9438125   9  53
  1      389.9444643   6  51
  1      389.9449190   8  50
  1      389.9450850   4  50
  1      389.9451285   2  50
  1      389.9454895   5  51
  1      389.9465220  10  54
* Gp# 1[9,6,8,2] x =      403, y =     2483, q = 0 dT[   252,   366,   575] Src Amplitude = 53.0
*        389.9438125   9  53
*        389.9444643   6  51
*        389.9449190   8  50
*        389.9451285   2  50
  1      389.9467173   6  50
  1      389.9470088   4  50
  1      389.9470270   8  51
  1      389.9471018   5  50
  1      389.9482770   9  54
* Gp# 1[6,10,8] x =     1339, y =     2064, q = 1 dT[    32,   554] Src Amplitude = 50.0
*        389.9467173   6  50
*        389.9465220  10  54
*        389.9470270   8  51
  1      389.9483135   4  50
  1      389.9496285   4  50
  1      389.9497338   6  50
  1      389.9498175   5  50
  1      389.9511797   6  50
* Gp# 1[4,6,5] x =    250.2, y =     3414, q = 1 dT[   109,   189] Src Amplitude = 50.0
*        389.9496285   4  50
*        389.9497338   6  50
*        389.9498175   5  50
  1      389.9514933   9  52
  1      389.9519262   5  50
  1      389.9531240   4  50
  1      389.9532580   6  51
  1      389.9534753   9  54
  1      389.9537355  10  53
  1      389.9547850   6  50
  1      389.9553537   5  51
  1      389.9553697   8  51
  1      389.9561943   6  51
  1      389.9572455   4  51
  1      389.9581495   5  51
  1      389.9582700   9  54
  1      389.9596950  10  53
  1      389.9606212   4  51
  1      389.9614175   6  51
  1      389.9622108  10  52
  1      389.9625075   9  51
  1      389.9629050   5  51
  1      389.9637625   4  50
  1      389.9639393   9  52
  1      389.9640200  10  54
  1      389.9649140   5  50
  1      389.9650752   8  52
  1      389.9655475   9  51
  1      389.9655573   6  51
  1      389.9662410  10  53
  1      389.9674690   6  52
  1      389.9679450   4  51
  1      389.9680895   9  55
  1      389.9689515  10  51
  1      389.9690940   5  51
  1      389.9702302   6  52
  1      389.9704848  10  51
  1      389.9708493   5  52
  1      389.9716183   9  53
  1      389.9717508  10  51
  1      389.9718695   8  51
  1      389.9725272   6  50
  1      389.9730553   9  52
* Gp# 1[9,10,8] x =     2056, y =     4764, q = 1 dT[   119,   570] Src Amplitude = 53.0
*        389.9716183   9  53
*        389.9717508  10  51
*        389.9718695   8  51
  1      389.9731817  10  51
  1      389.9734542   5  51
  1      389.9746437   9  51
  1      389.9752860   8  51
  1      389.9753907   6  52
  1      389.9759623   9  50
  1      389.9768510  10  51
  1      389.9787468   9  52
  1      389.9791435  10  50
  1      389.9803475   9  51
  1      389.9809457   1  52
  1      389.9809763   8  50
  1      389.9810298  10  51
  1      389.9821447   9  52
  1      389.9833150  10  51
  1      389.9844162   1  53
  1      389.9846590   9  51
  1      389.9853652  10  52
  1      389.9860768   9  51
  1      389.9868115   1  51
  1      389.9882543   1  52
  1      389.9883613  10  52
  1      389.9896980   1  50
  1      389.9913515   1  51
  1      389.9917240  10  50
  1      389.9932118   1  50
  1      389.9934113   9  51
  1      389.9953560   1  51
  1      389.9967542   1  52
  1      390.0002180   9  50
  1      390.0015780   1  50
  1      390.0033312   1  51
  1      390.0041867   9  50
  1      390.0187972   1  51
  1      390.3447590   1  51
  1      390.3537135   9  50
  1      390.3537650   1  52
  1      390.3547725  10  51
  1      390.3556850   1  51
  1      390.3560127  10  50
  1      390.3573085   1  51
  1      390.3585775  10  52
  1      390.3586608   1  51
  1      390.3604203  10  52
  1      390.3604972   1  54
  1      390.3614328   9  50
  1      390.3618353  10  50
  1      390.3626577   6  50
  1      390.3641995  10  50
  1      390.3647148   1  52
  1      390.3662577   1  56
  1      390.3665833  10  51
  1      390.3667812   9  51
  1      390.3681545  10  52
* Gp# 1[1,10,9] x =    577.6, y =     6114, q = 1 dT[   321,   534] Src Amplitude = 56.0
*        390.3662577   1  56
*        390.3665833  10  51
*        390.3667812   9  51
  1      390.3693670   1  51
  1      390.3703537   9  50
  1      390.3707590  10  50
  1      390.3716488   1  53
  1      390.3723560  10  51
  1      390.3736808  10  52
  1      390.3744062   1  52
  1      390.3759602   9  50
  1      390.3762190   1  51
  1      390.3766085  10  51
  1      390.3771968   9  51
  1      390.3779543   1  53
  1      390.3794757  10  51
  1      390.3797600   5  51
  1      390.3819320   1  54
  1      390.3825440   9  50
  1      390.3831563  10  50
  1      390.3834473   1  52
  1      390.3846132  10  50
  1      390.3858195   1  50
  1      390.3894130   1  50
  1      392.3305838   7  69
  1      392.3306313   8  74
  1      392.3307982   3  58
  1      392.3308480   1  66
  1      392.3309050   2  65
  1      392.3311523   9  64
* Gp# 1[7,8,3] x =     1745, y =   -63.47, q = 1 dT[    51,   222] Src Amplitude = 69.0
*        392.3305838   7  69
*        392.3306313   8  74
*        392.3307982   3  58
  1      392.3312007   6  64
  1      392.3312188   5  61
  1      392.3312227  10  65
  1      392.3312895   4  64
  1      392.3392790   2  50
  1      392.3409277   6  52
  1      392.3421533   8  50
  1      392.3422175   6  53
  1      392.3436995   4  51
  1      392.3439442   1  51
  1      392.3450240   6  50
  1      392.3456997  10  50
  1      392.3464947   1  50
  1      395.7704167   7  73
  1      395.7704465   8  77
  1      395.7706395   2  66
  1      395.7706672   3  61
  1      395.7707195   1  72
  1      395.7708793   4  67
* Gp# 1[7,8,3] x =     1736, y =   -60.26, q = 1 dT[    54,   220] Src Amplitude = 73.0
*        395.7704167   7  73
*        395.7704465   8  77
*        395.7706672   3  61
  1      395.7709645   5  65
  1      395.7709688   6  67
  1      395.7709893   9  68
  1      395.7710897  10  69
  1      395.7722705   3  50
  1      395.7821348   2  51
  1      395.7849570   4  50
  1      395.7876025   9  51
  1      395.7883417   6  51
  1      395.7893052  10  50
  1      395.7905610  10  51
  1      395.7910473   1  51
  1      399.2065692   7  72
  1      399.2065993   8  76
  1      399.2067845   1  72
  1      399.2067915   2  66
  1      399.2068230   3  62
  1      399.2070778   4  66
* Gp# 1[7,8,3] x =     1735, y =   -61.24, q = 1 dT[    54,   221] Src Amplitude = 72.0
*        399.2065692   7  72
*        399.2065993   8  76
*        399.2068230   3  62
  1      399.2071200   5  65
  1      399.2071420   9  67
  1      399.2072078   6  67
  1      399.2072455  10  69
  1      399.2084425   3  51
  1      399.2150235   7  52
  1      399.2190708   2  50
  1      399.2211290   4  50
  1      399.2217425   8  50
  1      399.2229297   5  51
  1      399.2237578   9  51
  1      399.2254610  10  50
  1      399.2254880   5  50
  1      399.2267170  10  50
  1      399.2272082   1  51
  1      402.4367818   7  74
  1      402.4368143   8  77
  1      402.4369962   1  73
  1      402.4370032   2  68
  1      402.4370348   3  62
  1      402.4371923   6  68
  1      402.4372462   4  67
* Gp# 1[7,8,3] x =     1734, y =   -61.24, q = 1 dT[    55,   221] Src Amplitude = 74.0
*        402.4367818   7  74
*        402.4368143   8  77
*        402.4370348   3  62
  1      402.4373323   5  65
  1      402.4373538   9  69
  1      402.4374575  10  69
  1      402.4386380   3  51
  1      402.4497378   2  50
  1      402.4513243   4  52
  1      402.4519545   8  50
  1      402.4539583   4  50
  1      402.4547053   6  52
  1      402.4556725  10  51
  1      402.4556998   5  51
  1      402.4563903   9  50
  1      402.4564448   6  50
  1      402.4568005   1  50
  1      402.4569287  10  51
  1      402.4583580   1  50
  1      405.9379232   7  72
  1      405.9379502   8  76
  1      405.9381358   1  71
  1      405.9381428   2  67
  1      405.9381742   3  62
  1      405.9383863   4  66
* Gp# 1[7,8,3] x =     1735, y =   -62.34, q = 1 dT[    54,   222] Src Amplitude = 72.0
*        405.9379232   7  72
*        405.9379502   8  76
*        405.9381742   3  62
  1      405.9384933   9  67
  1      405.9385340   5  65
  1      405.9385593   6  66
  1      405.9385965  10  69
  1      405.9397935   3  51
  1      405.9463748   7  51
* Gp# 1[10,5,6] x =     1543, y =     2777, q = 1 dT[   179,   219] Src Amplitude = 69.0
*        405.9385965  10  69
*        405.9385340   5  65
*        405.9385593   6  66
  1      405.9512955   8  50
  1      405.9524907   4  51
  1      405.9530935   8  51
  1      405.9532863   5  50
  1      405.9551088   9  52
  1      405.9562800   1  51
  1      405.9568120  10  50
  1      405.9568392   5  50
  1      405.9585598   1  50
* Gp# 1[1,10,5] x =     1313, y =     4127, q = 1 dT[   283,   310] Src Amplitude = 51.0
*        405.9562800   1  51
*        405.9568120  10  50
*        405.9568392   5  50
211      413.0437758		Time Mark
  1      420.3711860   3  56
  1      420.3709103   8  80
  1      420.3709915   7  72
  1      420.3710888   1  73
  1      420.3711892   2  74
  1      420.3713290   5  66
* Gp# 1[8,7,3] x =     1969, y =   -87.95, q = 1 dT[    38,   252] Src Amplitude = 80.0
*        420.3709103   8  80
*        420.3709915   7  72
*        420.3711860   3  56
  1      420.3714260   4  66
  1      420.3714665   9  68
  1      420.3714703  10  72
  1      420.3715203   6  71
  1      420.3806240   7  51
  1      420.3828238   7  50
  1      420.3843053   2  50
  1      420.3852918   8  50
  1      420.3867722   8  50
  1      420.3876030   5  51
  1      420.3877433   4  50
  1      420.3884165   6  52
  1      420.3892790   5  51
  1      420.3902960   1  51
  1      420.3906548   9  51
  1      420.3926705   1  51
  1      423.4727010   8  79
  1      423.4727825   7  71
  1      423.4728785   1  73
  1      423.4729775   3  55
  1      423.4729795   2  73
  1      423.4731220   5  65
  1      423.4732595   9  67
* Gp# 1[8,7,3] x =     1969, y =   -86.61, q = 1 dT[    39,   251] Src Amplitude = 79.0
*        423.4727010   8  79
*        423.4727825   7  71
*        423.4729775   3  55
  1      423.4732603  10  70
  1      423.4733112   6  69
  1      423.4734205   4  65
  1      423.4824142   7  50
  1      423.4849302   2  50
  1      423.4875130   8  50
  1      423.4881055   6  51
  1      423.4888660   4  53
  1      423.4892878   9  53
  1      423.4893798   8  50
  1      423.4893935   5  50
  1      423.4904485   6  50
  1      423.4908527   9  50
  1      423.4920860   1  51
  1      423.4944607   1  51
  1      427.0684580   8  79
  1      427.0684847   7  70
  1      427.0686380   1  73
  1      427.0687243   3  56
  1      427.0687365   2  73
  1      427.0688783   5  66
  1      427.0689628   4  65
* Gp# 1[8,7,3] x =     1962, y =      -62, q = 1 dT[    38,   223] Src Amplitude = 79.0
*        427.0684580   8  79
*        427.0684847   7  70
*        427.0687243   3  56
  1      427.0690155   9  67
  1      427.0690160  10  71
  1      427.0691093   6  69
  1      427.0781738   7  51
  1      427.0805992   2  51
  1      427.0827653   8  51
  1      427.0844165   5  51
  1      427.0846260   4  52
  1      427.0851398   8  51
  1      427.0873490   6  52
* Gp# 1[5,4,8] x =     1238, y =     1991, q = 1 dT[   210,   723] Src Amplitude = 51.0
*        427.0844165   5  51
*        427.0846260   4  52
*        427.0851398   8  51
  1      427.0875650   9  52
  1      427.0878415   1  51
  1      427.0902210   1  51
  1      432.1325155   8  79
  1      432.1325425   7  71
  1      432.1326965   1  73
  1      432.1327825   2  72
  1      432.1327827   3  56
  1      432.1329368   5  66
* Gp# 1[8,7,3] x =     1968, y =   -87.65, q = 1 dT[    38,   251] Src Amplitude = 79.0
*        432.1325155   8  79
*        432.1325425   7  71
*        432.1327827   3  56
  1      432.1330342   4  66
  1      432.1330740   9  68
  1      432.1330747  10  72
  1      432.1331285   6  70
  1      432.1422318   7  51
  1      432.1441203   7  50
  1      432.1454498   2  53
  1      432.1473927   8  52
  1      432.1487158   5  51
  1      432.1491970   8  52
  1      432.1500253   6  50
  1      432.1506703   9  51
  1      432.1507355   5  50
  1      432.1514680   1  52
  1      432.1522630   9  51
  1      432.1525395   8  51
  1      432.1542788   1  51
  1      437.4156955   8  78
  1      437.4157222   7  71
  1      437.4158775   1  72
  1      437.4159625   2  71
  1      437.4159630   3  56
  1      437.4161175   5  66
* Gp# 1[8,7,3,1] x =     1972, y =   -82.11, q = 0.9982 dT[    38,   252,   261] Src Amplitude = 78.0
*        437.4156955   8  78
*        437.4157222   7  71
*        437.4159630   3  56
*        437.4158775   1  72
  1      437.4162143   4  65
  1      437.4162545   9  67
  1      437.4162553  10  71
  1      437.4163087   6  70
  1      437.4286333   2  52
  1      437.4305775   8  50
  1      437.4314493   6  50
  1      437.4318642   4  52
  1      437.4318965   5  51
  1      437.4323778   8  50
  1      437.4331148   1  51
* Gp# 1[4,5,8] x =    748.7, y =     1802, q = 1 dT[    38,   510] Src Amplitude = 52.0
*        437.4318642   4  52
*        437.4318965   5  51
*        437.4323778   8  50
  1      437.4331218   9  50
  1      437.4331363  10  52
  1      437.4332053   6  51
  1      437.4345882   6  50
* Gp# 1[1,9,10,6] x =    781.8, y =     1743, q = 0 dT[     3,    51,    87] Src Amplitude = 51.0
*        437.4331148   1  51
*        437.4331218   9  50
*        437.4331363  10  52
*        437.4332053   6  51
  1      441.1949618   8  83
  1      441.1949853   7  75
  1      441.1951418   1  76
  1      441.1952268   3  59
  1      441.1952308   2  77
  1      441.1953825   5  68
  1      441.1954285   6  74
  1      441.1954630   4  70
  1      441.1955195   9  71
  1      441.1955205  10  75
  1      441.1996060   3  50
  1      441.2093570   7  51
  1      441.2105007   2  52
  1      441.2121370   2  51
  1      441.2133510   8  50
  1      441.2135235   2  51
  1      441.2148383  10  53
  1      441.2149665   8  52
  1      441.2154433   5  53
  1      441.2160968   4  51
  1      441.2171378  10  51
* Gp# 1[8,10,5] x =     1055, y =     3093, q = 0 dT[   130,   464] Src Amplitude = 52.0
*        441.2149665   8  52
*        441.2148383  10  53
*        441.2154433   5  53
  1      441.2173653   6  50
  1      441.2174275   9  52
  1      441.2176440   4  50
  1      441.2185318   1  51
  1      441.2186245  10  51
  1      442.2315567   1  54
211      447.3031373		Time Mark
  1      452.4649620   1  50
  1      455.7680223   8  52
  1      455.8689448   8  81
  1      455.8690810   7  72
  1      455.8691335   1  68
  1      455.8692485   2  74
  1      455.8694293   6  68
  1      455.8694880   5  67
* Gp# 1[8,7,6] x =     2207, y =   -94.17, q = 1 dT[   117,   681] Src Amplitude = 81.0
*        455.8689448   8  81
*        455.8690810   7  72
*        455.8694293   6  68
  1      455.8694965   4  65
  1      455.8695573  10  70
  1      455.8695843   3  57
  1      455.8696362   9  71
  1      455.8778370   7  52
* Gp# 1[3,4,10,9] x =     1141, y =    812.8, q = 0.9901 dT[   300,   488,   584] Src Amplitude = 57.0
*        455.8695843   3  57
*        455.8694965   4  65
*        455.8695573  10  70
*        455.8696362   9  71
  1      455.8830750   4  54
  1      455.8837990   2  51
  1      455.8852192   5  52
  1      455.8860457   4  50
  1      455.8863630   1  52
  1      455.8872090  10  50
  1      455.8880438   6  51
  1      455.8884093   9  50
  1      455.8886847   5  51
  1      455.8888100   1  52
  1      458.9997835   8  82
  1      458.9999203   7  72
  1      458.9999725   1  69
  1      459.0000850   2  74
  1      459.0002625   5  68
  1      459.0003357   4  65
  1      459.0003967  10  71
  1      459.0004232   3  57
  1      459.0004405   6  69
  1      459.0004755   9  71
  1      459.0086760   7  52
* Gp# 1[3,6,4,10,9] x =     1947, y =     1162, q = 0.7788 dT[    45,   301,   488,   569] Src Amplitude = 57.0
*        459.0004232   3  57
*        459.0004405   6  69
*        459.0003357   4  65
*        459.0003967  10  71
*        459.0004755   9  71
  1      459.0136033   2  50
  1      459.0149515   8  50
  1      459.0160578   5  52
  1      459.0168805   4  51
  1      459.0171788   1  52
  1      459.0174852   5  50
  1      459.0179040   6  50
  1      459.0191668   6  51
  1      459.0192480   9  51
  1      459.0195235   5  51
  1      459.0196490   1  52
  1      459.0202120   4  50
  1      462.4483912   8  80
  1      462.4484665   7  71
  1      462.4485820   1  69
  1      462.4486943   2  73
  1      462.4487378   3  57
  1      462.4489335   5  68
  1      462.4489458   4  65
  1      462.4489920   6  68
  1      462.4490065  10  71
  1      462.4490855   9  72
  1      462.4572857   7  52
  1      462.4625240   4  54
  1      462.4632403   2  51
  1      462.4635560   8  51
  1      462.4643218   5  53
  1      462.4657888   1  52
  1      462.4660953   5  51
  1      462.4665142   6  50
  1      462.4677767   6  51
  1      462.4678583   9  50
  1      462.4681335   5  51
  1      462.4682590   1  51
  1      462.4684490  10  50
  1      465.7426752   8  80
  1      465.7428167   7  71
  1      465.7428728   1  68
  1      465.7429763   2  72
  1      465.7432155   5  67
  1      465.7432885  10  71
  1      465.7433127   4  64
  1      465.7433150   3  56
  1      465.7433340   6  67
  1      465.7433678   9  72
  1      465.7515677   7  51
* Gp# 1[3,6,4,10,9] x =     1947, y =     1162, q = 0.7791 dT[    45,   300,   488,   569] Src Amplitude = 56.0
*        465.7433150   3  56
*        465.7433340   6  67
*        465.7433127   4  64
*        465.7432885  10  71
*        465.7433678   9  72
  1      465.7519967   2  53
  1      465.7568058   4  54
  1      465.7575300   2  50
  1      465.7578423   8  51
  1      465.7589495   5  52
  1      465.7593160   6  53
  1      465.7593572  10  52
  1      465.7600933   1  52
  1      465.7620640   6  51
  1      465.7625410   1  51
  1      469.0515850   8  80
  1      469.0517268   7  70
  1      469.0518445   1  68
  1      469.0518860   2  71
  1      469.0521253   5  67
  1      469.0521980  10  70
  1      469.0522228   4  64
  1      469.0522247   3  56
  1      469.0522570   6  67
  1      469.0522775   9  71
  1      469.0607612   7  51
* Gp# 1[3,6,4,10,9] x =     1947, y =     1162, q = 0.7793 dT[    45,   300,   487,   569] Src Amplitude = 56.0
*        469.0522247   3  56
*        469.0522570   6  67
*        469.0522228   4  64
*        469.0521980  10  70
*        469.0522775   9  71
  1      469.0609200   2  52
  1      469.0624727   2  51
  1      469.0657332   4  54
  1      469.0657775   8  50
  1      469.0658987   6  52
  1      469.0668968   5  51
* Gp# 1[4,6,8] x =      311, y =     1845, q = 1 dT[   141,   542] Src Amplitude = 54.0
*        469.0657332   4  54
*        469.0658987   6  52
*        469.0657775   8  50
  1      469.0682260   6  52
  1      469.0682670  10  52
  1      469.0685095   5  51
  1      469.0690032   1  51
  1      469.0709792   6  50
  1      469.0714510   1  51
  1      473.1364120   1  50
  1      473.1500453   1  51
  1      473.2796907   1  52
  1      473.2818633   1  52
211      478.1835643		Time Mark
130      484.5676660		Acquisition Paused
