128        0.0000000		Acquisition Running
 ID     SSSSSSSS.mmmuuun  CH AMP
  1        0.0000000   3  58
  1     1413.0272042   6  74
  1     1413.0272560   5  83
  1     1413.0273430   9  79
  1     1413.0273845  10  77
  1     1413.0701677  10  41
* Gp# 1[8,7,1,3,2,4,6,5] x =   0.4823, y =   -23.91 dT[   104,   131,   189,   192,   376,   380,   432] Src Amplitude = 85.0
*       1413.0268245   8  85
*       1413.0269280   7  83
*       1413.0269552   1  87
*       1413.0270135   3  85
*       1413.0270162   2  79
*       1413.0272000   4  80
*       1413.0272042   6  74
*       1413.0272560   5  83
  1     1413.0756445   1  40
  1     1416.2299323   8  81
  1     1416.2300355   7  76
  1     1416.2300632   1  81
  1     1416.2301212   3  83
  1     1416.2301275   2  78
  1     1416.2303083   4  74
  1     1416.2303123   6  71
  1     1416.2303640   5  79
  1     1416.2304517   9  80
  1     1416.2304958  10  76
  1     1416.2682760   7  42
  1     1416.2695305   2  40
  1     1416.2738815   4  40
  1     1416.2739850   9  41
  1     1416.2744940   3  40
  1     1416.2752290   1  41
  1     1419.6316315   8  85
  1     1419.6317345   7  81
  1     1419.6317622   1  84
  1     1419.6318200   3  84
  1     1419.6318262   2  80
  1     1419.6320075   4  77
  1     1419.6320110   6  74
  1     1419.6320655   5  80
  1     1419.6321538   9  82
  1     1419.6321985  10  77
  1     1419.6693065   7  42
* Gp# 1[8,7,1,3,2,4,6,5] x =     2491, y =   -25.48 dT[   103,   131,   189,   195,   376,   380,   434] Src Amplitude = 85.0
*       1419.6316315   8  85
*       1419.6317345   7  81
*       1419.6317622   1  84
*       1419.6318200   3  84
*       1419.6318262   2  80
*       1419.6320075   4  77
*       1419.6320110   6  74
*       1419.6320655   5  80
  1     1419.6747695   2  40
  1     1419.6753790   9  42
  1     1419.6756060   4  41
  1     1419.6784800   4  40
  1     1419.6788065   5  40
  1     1419.6798005   1  40
  1     1420.2277715   3  40
  1     1420.9191025   3  41
  1     1423.5867900   1  40
  1     1423.5875093   3  40
  1     1423.7547693   3  40
  1     1424.9697580   1  42
  1     1424.9700000   3  43
  1     1424.9715760   4  40
  1     1424.9749370   3  41
  1     1424.9775360   3  40
  1     1424.9945443   1  40
  1     1424.9966812   3  43
  1     1424.9967530   1  43
  1     1424.9978665  10  41
  1     1424.9980355   4  41
  1     1424.9987770   5  40
  1     1425.0018190   3  41
  1     1425.0027272   1  41
  1     1425.4667230   1  40
  1     1425.4709415   1  40
  1     1425.4771525   1  40
  1     1425.4809875   3  40
  1     1425.4811380   1  41
  1     1425.4834390   1  40
  1     1425.4868695   1  40
  1     1425.9911475   1  40
  1     1426.0005213   1  41
  1     1426.0024305   3  40
  1     1426.0031565   1  40
  1     1426.0067485   3  40
  1     1426.0070490   1  42
  1     1426.0097285   1  41
  1     1426.0101432   3  40
  1     1426.0117085   1  42
  1     1426.0160962   3  40
  1     1426.0168725   1  40
  1     1426.3702512   3  40
  1     1426.3704510   1  42
  1     1426.3729800   1  44
  1     1426.3731702   3  40
  1     1426.3746050   5  40
  1     1426.3753080   3  42
  1     1426.3767070   5  40
  1     1426.3781885   3  41
  1     1426.3807240   3  40
  1     1426.3828155   3  41
  1     1426.3875140   3  40
  1     1426.3879910   1  40
  1     1426.3905180   1  41
  1     1428.4922595   7  82
  1     1428.4923092   8  81
  1     1428.4923513   2  79
  1     1428.4924073   1  85
  1     1428.4924095   3  85
  1     1428.4925955   4  78
  1     1428.4926000   5  77
  1     1428.4926535   6  73
  1     1428.4927445  10  76
  1     1428.4927612   9  80
  1     1428.5266212   8  42
* Gp# 1[7,8,2,1,3,4,5,6] x =    822.8, y =   -18.28 dT[    50,    92,   148,   150,   336,   341,   394] Src Amplitude = 82.0
*       1428.4922595   7  82
*       1428.4923092   8  81
*       1428.4923513   2  79
*       1428.4924073   1  85
*       1428.4924095   3  85
*       1428.4925955   4  78
*       1428.4926000   5  77
*       1428.4926535   6  73
  1     1428.5291485   6  41
  1     1428.5354132   2  41
  1     1428.5396922   5  40
  1     1428.5403502   3  40
  1     1430.3679410   3  48
  1     1430.3679813   1  51
  1     1430.3684612   2  43
  1     1430.3686760   5  48
  1     1430.3687770   4  45
  1     1430.3688068  10  46
  1     1430.3688900   9  46
  1     1430.3699333   7  41
  1     1430.3705160   6  41
  1     1430.3758380  10  40
  1     1430.3797250   5  40
  1     1430.3817555   1  41
  1     1433.0203495   7  81
  1     1433.0204015   8  82
  1     1433.0204413   2  81
  1     1433.0204972   1  83
  1     1433.0205000   3  81
  1     1433.0206860   4  77
  1     1433.0206900   5  78
  1     1433.0207435   6  70
  1     1433.0208350  10  75
  1     1433.0208520   9  76
  1     1433.0565420   8  40
* Gp# 1[7,8,2,1,3,4,5,6] x =    826.6, y =    -17.5 dT[    52,    92,   148,   151,   337,   341,   394] Src Amplitude = 81.0
*       1433.0203495   7  81
*       1433.0204015   8  82
*       1433.0204413   2  81
*       1433.0204972   1  83
*       1433.0205000   3  81
*       1433.0206860   4  77
*       1433.0206900   5  78
*       1433.0207435   6  70
  1     1433.0569585   7  41
  1     1433.0624870  10  40
  1     1433.0644645   1  41
  1     1433.0655510   9  40
  1     1433.0668880   1  43
  1     1433.0699035   3  40
  1     1437.7175210   7  83
  1     1437.7175702   8  82
  1     1437.7176125   2  82
  1     1437.7176690   1  86
  1     1437.7176710   3  83
  1     1437.7178600   4  81
  1     1437.7178612   5  81
  1     1437.7179142   6  73
  1     1437.7180055  10  77
  1     1437.7180225   9  80
  1     1437.7499773   6  42
* Gp# 1[7,8,2,1,3,4,5,6] x =    821.2, y =   -19.21 dT[    49,    92,   148,   150,   339,   340,   393] Src Amplitude = 83.0
*       1437.7175210   7  83
*       1437.7175702   8  82
*       1437.7176125   2  82
*       1437.7176690   1  86
*       1437.7176710   3  83
*       1437.7178600   4  81
*       1437.7178612   5  81
*       1437.7179142   6  73
  1     1437.7518443   8  41
  1     1437.7579812  10  40
  1     1438.5572190   1  40
  1     1438.5671295   1  40
  1     1439.3795420   1  40
  1     1439.8553285   1  42
  1     1439.9174490   1  40
  1     1440.9133032   3  44
  1     1440.9135530   1  48
  1     1440.9147993  10  41
  1     1440.9150343   9  41
  1     1440.9150650   5  41
  1     1440.9152290   4  42
  1     1440.9181190   9  40
  1     1440.9189915   5  40
  1     1446.8602910   1  42
  1     1446.8634130   1  48
  1     1446.8635825   3  40
  1     1446.8665015   3  43
  1     1446.8669890   5  40
  1     1446.8679227   9  40
  1     1446.8698382   4  44
  1     1446.8703420   9  41
  1     1446.8703517  10  40
  1     1446.8705785   2  40
  1     1446.8706465   5  42
  1     1446.8745023   2  41
  1     1446.8752243   9  40
  1     1446.8754470   3  45
  1     1446.8757515   5  45
  1     1446.8763410   4  43
  1     1446.8771525   9  41
  1     1446.8799120   4  42
  1     1446.8803312   5  40
  1     1446.8810482   2  41
  1     1446.8818193   4  43
  1     1446.8818675   9  44
  1     1446.8822025   5  44
  1     1446.8826138  10  41
  1     1446.8831272   2  42
  1     1446.8846780  10  41
  1     1446.8852052   2  43
  1     1446.8869700  10  40
  1     1446.8915205  10  42
  1     1446.8948687   9  41
  1     1446.8967410   3  40
  1     1446.9010620   1  44
  1     1446.9022582   3  41
  1     1446.9026275   4  40
  1     1446.9055040   3  40
  1     1446.9063095   5  41
  1     1446.9081945   4  40
  1     1446.9100872   1  42
  1     1446.9153083   1  48
  1     1446.9154935   3  45
  1     1446.9155910   2  42
  1     1446.9162112  10  43
  1     1446.9162160   5  44
  1     1446.9163225   4  42
  1     1446.9167825   9  44
  1     1446.9199333   2  41
  1     1446.9238773   1  40
  1     1446.9257633   3  40
  1     1447.5546285   1  40
  1     1450.8658222   7  83
  1     1450.8658742   8  81
  1     1450.8659095   3  81
  1     1450.8659725   2  77
  1     1450.8659780   1  83
  1     1450.8661630   5  78
  1     1450.8661633   6  70
  1     1450.8662115   4  76
  1     1450.8663078  10  74
  1     1450.8663227   9  75
  1     1450.9000942   7  41
* Gp# 1[7,8,3,2,1,5,6,4] x =     1661, y =   -17.84 dT[    52,    87,   150,   156,   341,   341,   389] Src Amplitude = 83.0
*       1450.8658222   7  83
*       1450.8658742   8  81
*       1450.8659095   3  81
*       1450.8659725   2  77
*       1450.8659780   1  83
*       1450.8661630   5  78
*       1450.8661633   6  70
*       1450.8662115   4  76
  1     1450.9073905  10  40
  1     1450.9088338   9  41
  1     1450.9099907   1  40
  1     1450.9120780   1  40
  1     1457.5259002   7  87
  1     1457.5259523   8  83
  1     1457.5259885   3  83
  1     1457.5260515   2  80
  1     1457.5260570   1  84
  1     1457.5262395   6  73
  1     1457.5262423   5  76
  1     1457.5262910   4  78
  1     1457.5263868  10  78
  1     1457.5264023   9  79
  1     1457.5706478  10  41
* Gp# 1[7,8,3,2,1,6,5,4] x =     1661, y =   -18.68 dT[    52,    88,   151,   157,   339,   342,   391] Src Amplitude = 87.0
*       1457.5259002   7  87
*       1457.5259523   8  83
*       1457.5259885   3  83
*       1457.5260515   2  80
*       1457.5260570   1  84
*       1457.5262395   6  73
*       1457.5262423   5  76
*       1457.5262910   4  78
  1     1457.5723543   4  41
  1     1457.5752450   5  40
  1     1457.5755070   1  41
  1     1458.7183492   1  42
  1     1462.9252345   3  48
  1     1462.9256122   1  40
  1     1462.9280350   1  50
  1     1462.9293203   5  41
  1     1462.9301775   2  40
  1     1462.9310882   4  42
  1     1462.9331983   2  42
  1     1462.9332990   4  42
  1     1462.9336580   9  41
  1     1462.9339172   5  46
  1     1462.9361422  10  40
  1     1462.9376675   9  45
  1     1462.9382660  10  42
  1     1462.9384112   2  44
  1     1462.9386545   4  44
  1     1462.9408970  10  44
  1     1462.9430922   4  45
  1     1462.9506165   6  40
  1     1462.9519520   7  41
  1     1462.9539600   7  40
  1     1462.9618210   2  43
  1     1462.9641660   5  41
  1     1465.9791372   3  50
  1     1465.9793935   1  53
  1     1465.9808210   2  48
  1     1465.9808240   4  49
  1     1465.9809565   9  50
  1     1465.9809770   5  49
  1     1465.9813063  10  48
  1     1465.9814725   7  45
  1     1465.9831333   6  40
* Gp# 1[2,4,9,5] x =   0.2434, y =     1140 dT[     3,   136,   156] Src Amplitude = 48.0
*       1465.9808210   2  48
*       1465.9808240   4  49
*       1465.9809565   9  50
*       1465.9809770   5  49
  1     1465.9836093   8  43
  1     1465.9860295   6  42
  1     1465.9887362   8  42
  1     1465.9894105   6  42
  1     1465.9958115   8  43
  1     1465.9959325   6  43
  1     1465.9984700   6  41
  1     1466.0008340   6  41
  1     1466.0049222   6  40
  1     1466.0079005   6  43
  1     1466.0099890   6  42
  1     1466.0121775   8  43
  1     1466.0135415   6  41
  1     1466.0171212   6  41
  1     1466.0189925   8  43
  1     1466.0194273   6  41
  1     1466.0232472   8  41
  1     1466.0259085   6  41
  1     1466.0278540   8  40
  1     1466.0303310   6  40
  1     1466.0323135   7  42
  1     1466.0351913   8  40
  1     1466.0385535   8  40
  1     1466.0392115   6  40
  1     1466.0399010   7  41
  1     1466.0426602   7  41
  1     1466.0465860   7  40
  1     1466.0517400   7  40
  1     1466.0553232   7  40
  1     1466.0573675   2  41
  1     1466.0600622   2  42
  1     1466.0633270   2  41
  1     1466.0639090  10  41
  1     1466.0663765   9  44
  1     1466.0665795   2  40
  1     1466.0675067  10  40
  1     1466.0696710   2  40
  1     1466.0699647  10  41
  1     1466.0718475   5  42
  1     1466.0720783   9  41
  1     1466.0723945  10  40
  1     1466.0739930   4  40
  1     1466.0745595   2  40
  1     1466.0760153   4  40
  1     1466.0762715   5  41
  1     1466.0778802   9  41
  1     1466.0789075   4  40
  1     1466.0800373   5  41
  1     1466.0812783   9  40
  1     1466.0816125   3  42
  1     1466.0881940   1  40
  1     1466.0901135   1  41
  1     1466.1000582   3  56
  1     1466.1001282   7  46
  1     1466.1001600   2  53
  1     1466.1002270   8  51
  1     1466.1002375   1  53
  1     1466.1006135   4  51
  1     1466.1007980   6  40
  1     1466.1008715   9  48
  1     1466.1008825   5  46
  1     1466.1011070  10  50
  1     1466.1078410   8  41
* Gp# 1[3,7,2,8] x =     1555, y =    553.1 dT[    70,   102,   169] Src Amplitude = 56.0
*       1466.1000582   3  56
*       1466.1001282   7  46
*       1466.1001600   2  53
*       1466.1002270   8  51
  1     1466.1105340   2  41
  1     1466.1135923   4  41
  1     1466.1138790   5  40
  1     1466.1151553   2  40
  1     1466.1159785   7  41
  1     1466.1164787   9  40
  1     1466.1169702   3  41
  1     1466.1183707  10  40
  1     1466.1220060   3  40
  1     1468.2005923   7  83
  1     1468.2006395   8  82
  1     1468.2006772   3  81
  1     1468.2007425   1  84
  1     1468.2007425   2  80
  1     1468.2009272   6  69
  1     1468.2009312   5  76
  1     1468.2009802   4  78
  1     1468.2010725  10  75
  1     1468.2010893   9  75
  1     1468.2336355   6  40
* Gp# 1[7,8,3,1,2,6,5,4] x =     1677, y =   -17.27 dT[    47,    85,   150,   150,   335,   339,   388] Src Amplitude = 83.0
*       1468.2005923   7  83
*       1468.2006395   8  82
*       1468.2006772   3  81
*       1468.2007425   1  84
*       1468.2007425   2  80
*       1468.2009272   6  69
*       1468.2009312   5  76
*       1468.2009802   4  78
  1     1468.2343510   8  41
  1     1468.2405562   2  40
  1     1468.2424410   3  42
  1     1468.2448422   1  43
  1     1468.2464650   9  40
  1     1468.5942283   1  42
  1     1469.5165425   1  40
